-3.686868686868686851e+00 3.989898989898989612e+00 7.071284264443275447e+01
4.090909090909089940e+00 -6.565656565656565746e-01 3.193649752927865748e+01
-3.989898989898989612e+00 1.767676767676767291e+00 1.065772289643384738e+02
-3.383838383838384090e+00 -3.535353535353538135e-01 1.052534021039708421e+02
2.525252525252525970e-01 1.666666666666666963e+00 1.016833169023885262e+02
2.272727272727272485e+00 -1.060606060606060552e+00 6.052258961600310982e+01
-3.080808080808080884e+00 4.090909090909089940e+00 5.095362836245791982e+01
4.595959595959595134e+00 2.575757575757575246e+00 1.791515150057720689e+02
3.484848484848484418e+00 4.696969696969697239e+00 3.780868455824628995e+02
2.373737373737373701e+00 -3.989898989898989612e+00 2.150536308182249172e+02
4.797979797979797567e+00 -1.464646464646464530e+00 1.114315989090980707e+02
-4.545454545454550299e-01 -4.595959595959596022e+00 4.236544343964118298e+02
-3.181818181818181657e+00 -3.888888888888888840e+00 4.712427329361902650e+01
7.575757575757577911e-01 -2.676767676767676907e+00 1.725358935230222244e+02
-1.060606060606060552e+00 -3.282828282828282873e+00 1.805100528160636486e+02
2.777777777777777679e+00 -2.373737373737373701e+00 3.400432664716148423e+01
-4.292929292929293261e+00 -1.262626262626262541e+00 1.320920120207453863e+02
2.525252525252525970e-01 1.262626262626262097e+00 1.201346106986224100e+02
2.070707070707070940e+00 4.898989898989899672e+00 3.669833899268437563e+02
-1.565656565656565746e+00 -2.474747474747474918e+00 1.274766799208337176e+02
-3.888888888888888840e+00 6.565656565656565746e-01 1.322144135285342088e+02
-2.575757575757575690e+00 3.686868686868686851e+00 1.659874612637625901e+01
-4.090909090909090828e+00 -3.383838383838384090e+00 5.659693818632459461e+00
2.070707070707070940e+00 1.060606060606060552e+00 4.641371818731580134e+01
-5.000000000000000000e+00 -2.171717171717171713e+00 1.929597522479819531e+02
-3.282828282828282873e+00 4.545454545454541417e-01 1.015837387248777048e+02
-3.888888888888888840e+00 -1.969696969696969724e+00 5.376732399710883215e+01
4.898989898989899672e+00 -2.878787878787878896e+00 1.407126632766256762e+02
3.282828282828281985e+00 -2.070707070707070940e+00 5.586916918382808461e+00
-6.565656565656565746e-01 -3.989898989898989612e+00 2.802319340260427794e+02
2.474747474747474918e+00 6.565656565656565746e-01 3.456272247060447000e+01
3.181818181818181657e+00 -7.575757575757577911e-01 1.319390583352516799e+01
4.898989898989899672e+00 -2.070707070707070940e+00 1.242338457141833175e+02
-5.050505050505016413e-02 -2.676767676767676907e+00 1.869973368929566675e+02
3.888888888888889284e+00 -3.282828282828282873e+00 5.947191900162068379e+01
3.787878787878787179e+00 -5.000000000000000000e+00 4.774406811246280995e+02
4.494949494949494806e+00 -2.525252525252525970e-01 8.609897775861047364e+01
2.373737373737373701e+00 -4.797979797979797567e+00 4.416457175373859059e+02
3.383838383838384090e+00 1.969696969696969724e+00 5.926142145853806831e+00
-3.181818181818181657e+00 -5.000000000000000000e+00 2.541062768936548650e+02
-4.545454545454550299e-01 -2.272727272727272929e+00 1.759640734922477918e+02
-6.565656565656565746e-01 7.575757575757577911e-01 1.464263609631274221e+02
2.777777777777777679e+00 2.878787878787878896e+00 1.668998698006253179e+01
4.797979797979797567e+00 -4.191919191919192045e+00 2.975304143726351072e+02
4.494949494949494806e+00 3.282828282828281985e+00 2.243596519831473302e+02
-9.595959595959593358e-01 -2.979797979797979668e+00 1.713824550447591548e+02
-4.595959595959596022e+00 -4.494949494949494806e+00 1.057813930540894063e+02
-4.696969696969697239e+00 -3.383838383838384090e+00 5.900767680681914840e+01
2.979797979797979224e+00 -2.272727272727272929e+00 2.061434181888808581e+01
-1.565656565656565746e+00 4.797979797979797567e+00 2.230137313395668457e+02
-8.585858585858590075e-01 4.545454545454541417e-01 1.547551625786994691e+02
-3.484848484848484862e+00 4.898989898989899672e+00 2.191818474240801606e+02
2.474747474747474918e+00 3.181818181818181657e+00 3.421458444325623560e+01
1.515151515151513806e-01 4.292929292929292373e+00 1.787913123853178661e+02
-4.494949494949494806e+00 -4.696969696969697239e+00 1.319709730003979757e+02
3.535353535353538135e-01 -4.191919191919192045e+00 3.463838365308221228e+02
3.585858585858586522e+00 2.373737373737373701e+00 2.284139833143803600e+01
-1.565656565656565746e+00 4.393939393939394478e+00 1.326322849290203578e+02
-3.535353535353538135e-01 2.676767676767676463e+00 6.724673580520078531e+01
-2.676767676767676907e+00 -9.595959595959593358e-01 9.965387603473386946e+01
3.989898989898989612e+00 3.535353535353538135e-01 3.612661029062567764e+01
-4.696969696969697239e+00 2.979797979797979224e+00 2.050985809320611679e+02
4.494949494949494806e+00 1.515151515151513806e-01 9.369713632268781112e+01
1.868686868686868507e+00 -3.484848484848484862e+00 1.700230710931226952e+02
-3.282828282828282873e+00 6.565656565656565746e-01 9.724492036980250020e+01
6.565656565656565746e-01 4.797979797979797567e+00 3.114319611841818869e+02
-2.575757575757575690e+00 -3.535353535353538135e-01 1.115860988221260754e+02
-1.464646464646464530e+00 5.050505050505016413e-02 1.491228622738085505e+02
-4.191919191919192045e+00 -2.979797979797979668e+00 1.825394392383538289e+01
4.797979797979797567e+00 2.171717171717171269e+00 2.077440364342132000e+02
-3.080808080808080884e+00 -2.474747474747474918e+00 3.152059115881607454e+01
2.474747474747474918e+00 4.898989898989899672e+00 3.792703091698248841e+02
2.373737373737373701e+00 2.676767676767676463e+00 1.367420722474164663e+01
2.474747474747474918e+00 3.181818181818181657e+00 3.421458444325623560e+01
2.070707070707070940e+00 -4.090909090909090828e+00 2.560939695137814169e+02
-1.565656565656565746e+00 -5.555555555555553582e-01 1.510661145677671584e+02
2.474747474747474918e+00 -3.080808080808080884e+00 8.796723286410484377e+01
-3.686868686868686851e+00 3.989898989898989612e+00 7.071284264443275447e+01
-4.494949494949494806e+00 -2.070707070707070940e+00 1.028346175412491448e+02
2.575757575757575246e+00 3.383838383838384090e+00 5.032996555961127427e+01
-1.060606060606060552e+00 1.969696969696969724e+00 7.997555486410983860e+01
4.090909090909089940e+00 3.888888888888889284e+00 2.418203112253193012e+02
3.282828282828281985e+00 -5.555555555555553582e-01 1.222428365073056611e+01
1.868686868686868507e+00 4.494949494949494806e+00 2.362816315466477306e+02
-6.565656565656565746e-01 -4.545454545454550299e-01 1.770186404376174778e+02
4.292929292929292373e+00 2.676767676767676463e+00 1.220053230285642201e+02
2.878787878787878896e+00 2.373737373737373701e+00 2.405245572485775529e+00
-1.363636363636363757e+00 3.989898989898989612e+00 8.361660975460428347e+01
4.595959595959595134e+00 -2.979797979797979668e+00 9.295075512545579954e+01
3.585858585858586522e+00 -5.050505050505016413e-02 1.490736912388384106e+01
1.969696969696969724e+00 9.595959595959593358e-01 5.484201303313763276e+01
-2.878787878787878896e+00 1.464646464646464530e+00 6.136588647708416744e+01
2.171717171717171269e+00 4.494949494949494806e+00 2.396296666899541776e+02
-3.080808080808080884e+00 -3.888888888888888840e+00 5.456142515103721280e+01
4.696969696969697239e+00 -3.686868686868686851e+00 1.818489778028538808e+02
1.262626262626262097e+00 2.171717171717171269e+00 5.337406981317779042e+01
1.969696969696969724e+00 -3.787878787878788067e+00 2.058081862113918703e+02
-3.787878787878788067e+00 3.585858585858586522e+00 5.236573416539596337e+01
-1.262626262626262541e+00 -2.171717171717171713e+00 1.466143596619769482e+02
3.535353535353538135e-01 -1.161616161616161769e+00 1.729398369039654995e+02
4.545454545454541417e-01 -3.585858585858585634e+00 2.466157952290473929e+02
2.171717171717171269e+00 2.373737373737373701e+00 1.593756828117578195e+01
-3.282828282828282873e+00 3.535353535353538135e-01 1.031987639632190650e+02
-2.979797979797979668e+00 -4.696969696969697239e+00 1.924501498814262845e+02
8.585858585858581193e-01 -1.060606060606060552e+00 1.533857740050367227e+02
3.282828282828281985e+00 -1.060606060606060552e+00 8.367692574529865368e+00
1.868686868686868507e+00 -1.515151515151513806e-01 8.476362014037515280e+01
3.282828282828281985e+00 -8.585858585858590075e-01 1.005032334040198094e+01
-3.787878787878788067e+00 4.545454545454541417e-01 1.264227634049823052e+02
-1.515151515151513806e-01 -2.373737373737373701e+00 1.805442840638074244e+02
-3.484848484848484862e+00 3.585858585858586522e+00 2.800682099439496398e+01
-3.787878787878788067e+00 4.545454545454541417e-01 1.264227634049823052e+02
-4.292929292929293261e+00 1.767676767676767291e+00 1.513035908820817212e+02
2.474747474747474918e+00 3.535353535353538135e-01 3.981162871996521346e+01
1.969696969696969724e+00 3.484848484848484418e+00 6.382355148445805071e+01
3.181818181818181657e+00 1.767676767676767291e+00 1.275971675126985838e+00
-8.585858585858590075e-01 -5.555555555555553582e-01 1.740391256674072338e+02
1.868686868686868507e+00 1.868686868686868507e+00 3.448933678165080607e+01
2.070707070707070940e+00 3.383838383838384090e+00 5.360215071057813674e+01
6.565656565656565746e-01 -1.969696969696969724e+00 1.632869106962041315e+02
9.595959595959593358e-01 4.292929292929292373e+00 1.869639501209252899e+02
-2.676767676767676907e+00 3.686868686868686851e+00 1.535879885655572963e+01
7.575757575757577911e-01 -1.262626262626262541e+00 1.582315855132482056e+02
1.565656565656565746e+00 -3.484848484848484862e+00 1.898285175055016225e+02
-3.080808080808080884e+00 -3.888888888888888840e+00 5.456142515103721280e+01
-4.191919191919192045e+00 3.383838383838384090e+00 9.918922451072852198e+01
3.383838383838384090e+00 2.070707070707070940e+00 6.806925733534966660e+00
2.525252525252525970e-01 1.868686868686868507e+00 9.281853346444776776e+01
-4.090909090909090828e+00 -2.878787878787878896e+00 1.602056966695083062e+01
9.595959595959593358e-01 -1.464646464646464530e+00 1.484325258648534600e+02
-4.545454545454550299e-01 4.898989898989899672e+00 3.084993764444224666e+02
-2.373737373737373701e+00 -4.393939393939393590e+00 1.939079510646727726e+02
-1.767676767676767735e+00 4.595959595959595134e+00 1.634043694393440376e+02
4.797979797979797567e+00 -4.292929292929293261e+00 3.230397757950295272e+02
-3.989898989898989612e+00 -4.545454545454550299e-01 1.362132666988695178e+02
-1.868686868686868952e+00 4.090909090909089940e+00 7.356390841140378711e+01
2.272727272727272485e+00 1.363636363636363313e+00 2.821460282767572636e+01
4.696969696969697239e+00 8.585858585858581193e-01 1.445409465109063092e+02
3.989898989898989612e+00 -4.494949494949494806e+00 2.958298651479927912e+02
3.787878787878787179e+00 -4.898989898989898784e+00 4.345456364117107455e+02
-4.545454545454550299e-01 1.767676767676767291e+00 1.002111958595372698e+02
6.565656565656565746e-01 2.373737373737373701e+00 6.766344834182685020e+01
6.565656565656565746e-01 4.595959595959595134e+00 2.541072421277284263e+02
3.686868686868686851e+00 1.767676767676767291e+00 1.905102156316472417e+01
5.555555555555553582e-01 2.373737373737373701e+00 6.983861415372732040e+01
1.767676767676767291e+00 2.474747474747474918e+00 2.996192759534782724e+01
1.363636363636363313e+00 -4.292929292929293261e+00 3.441146461768043991e+02
1.969696969696969724e+00 -5.000000000000000000e+00 5.456903200128845128e+02
-2.525252525252525970e-01 -1.868686868686868952e+00 1.781075423163583480e+02
-1.060606060606060552e+00 4.090909090909089940e+00 1.087114656035266194e+02
-2.777777777777777679e+00 2.373737373737373701e+00 1.799416895350210766e+01
3.989898989898989612e+00 -2.979797979797979668e+00 3.820792062211456397e+01
-1.868686868686868952e+00 1.363636363636363313e+00 8.688196248077275641e+01
-2.373737373737373701e+00 2.979797979797979224e+00 5.935529234605088966e+00
-3.888888888888888840e+00 -2.272727272727272929e+00 3.618479250189678709e+01
1.363636363636363313e+00 -4.393939393939393590e+00 3.700591270413458460e+02
-3.282828282828282873e+00 -3.484848484848484862e+00 1.721301476153330867e+01
-5.050505050505016413e-02 -2.373737373737373701e+00 1.807933361080689849e+02
-6.565656565656565746e-01 -1.464646464646464530e+00 1.751820286032626655e+02
2.575757575757575246e+00 3.585858585858586522e+00 7.174250546803754958e+01
2.272727272727272485e+00 3.080808080808081328e+00 3.028068303136094030e+01
2.676767676767676463e+00 4.090909090909089940e+00 1.541308451822528411e+02
-5.050505050505016413e-02 -4.545454545454550299e-01 1.779870604501053322e+02
-3.535353535353538135e-01 4.292929292929292373e+00 1.659950985013980187e+02
3.383838383838384090e+00 4.595959595959595134e+00 3.319493131144691915e+02
1.262626262626262097e+00 3.080808080808081328e+00 5.409775676665576327e+01
3.282828282828281985e+00 -4.898989898989898784e+00 4.376324366577371734e+02
-6.565656565656565746e-01 4.393939393939394478e+00 1.738561138724697628e+02
2.525252525252525970e-01 -4.898989898989898784e+00 5.484073689833460321e+02
5.000000000000000000e+00 -6.565656565656565746e-01 1.805087548718841504e+02
1.666666666666666963e+00 -1.515151515151513806e-01 9.831957609317990432e+01
4.090909090909089940e+00 -2.878787878787878896e+00 3.708743668423104367e+01
2.979797979797979224e+00 -4.545454545454550299e-01 2.117589693090648950e+01
-4.292929292929293261e+00 6.565656565656565746e-01 1.833600875564744968e+02
1.969696969696969724e+00 -1.666666666666666519e+00 8.228454509195806565e+01
4.545454545454541417e-01 2.272727272727272485e+00 7.450652277849874849e+01
4.595959595959595134e+00 2.676767676767676463e+00 1.864976221377390857e+02
-4.393939393939393590e+00 1.464646464646464530e+00 1.810186570523022169e+02
-2.525252525252525970e-01 -2.979797979797979668e+00 1.963019202005638135e+02
7.575757575757577911e-01 -2.373737373737373701e+00 1.642047133841415985e+02
-1.515151515151513806e-01 2.979797979797979224e+00 6.694081156968368873e+01
-3.989898989898989612e+00 -1.464646464646464530e+00 9.016347933820792093e+01
-4.797979797979797567e+00 2.373737373737373701e+00 2.451841319848912519e+02
-2.272727272727272929e+00 -1.363636363636363757e+00 1.067720784099446689e+02
2.272727272727272485e+00 5.050505050505016413e-02 5.578003316919880206e+01
-1.060606060606060552e+00 3.888888888888889284e+00 8.571876089720592518e+01
-4.090909090909090828e+00 2.777777777777777679e+00 8.386620979198116288e+01
-3.535353535353538135e-01 1.868686868686868507e+00 9.602543373046074748e+01
-1.161616161616161769e+00 -1.666666666666666519e+00 1.570673245873673523e+02
-1.161616161616161769e+00 -4.898989898989898784e+00 4.625495944960254064e+02
-3.787878787878788067e+00 3.080808080808081328e+00 4.301081710718329276e+01
4.898989898989899672e+00 -3.686868686868686851e+00 2.188021635650976009e+02
-1.666666666666666519e+00 -4.090909090909090828e+00 2.167198742580661133e+02
3.989898989898989612e+00 -2.171717171717171713e+00 1.046048244568492436e+01
-3.181818181818181657e+00 -1.666666666666666519e+00 6.128513619372623111e+01
-3.383838383838384090e+00 -3.080808080808080884e+00 7.715730257926007418e+00
3.282828282828281985e+00 -8.585858585858590075e-01 1.005032334040198094e+01
-1.666666666666666519e+00 1.565656565656565746e+00 8.294089176989191969e+01
4.393939393939394478e+00 5.000000000000000000e+00 6.785568768914625934e+02
2.070707070707070940e+00 -4.393939393939393590e+00 3.300556471185007581e+02
