2.253707163669038671e+00
3.043758376883845429e+00
3.126876347814437018e+00
3.342129144288352283e+00
3.384646952797020880e+00
3.421263038956417368e+00
3.484944439261918880e+00
3.492746752793276954e+00
3.593167069201759212e+00
3.663277891107266537e+00
3.691172481841393349e+00
3.817143899460899714e+00
3.821063366965524288e+00
3.851757560950499926e+00
3.928089403608876040e+00
3.989408167008626105e+00
4.009868754339344754e+00
4.025625542381192190e+00
4.045592566930468870e+00
4.049520002417439812e+00
4.073360820962474094e+00
4.074374890090799894e+00
4.079982521586054567e+00
4.165517393191771944e+00
4.169026577086031082e+00
4.174362013068642518e+00
4.202718558780699887e+00
4.218809984401989510e+00
4.223279242388541910e+00
4.228615075286118241e+00
4.235846817829553856e+00
4.265512595267586526e+00
4.281618695528061735e+00
4.312328386724142426e+00
4.315566077160974956e+00
4.317332104194870013e+00
4.330448413491957638e+00
4.355358831035394118e+00
4.363735579647259222e+00
4.364135238785083359e+00
4.364402388280726797e+00
4.368980122978508795e+00
4.371880283142052903e+00
4.406577812175155096e+00
4.411678873892945774e+00
4.420731816323272945e+00
4.438711617618491090e+00
4.451531604818195653e+00
4.460929755381357609e+00
4.465636015601315734e+00
4.520036839932191519e+00
4.528128317140357240e+00
4.529355810436498153e+00
4.536379778673440555e+00
4.538274088854206134e+00
4.567831194105123949e+00
4.575458707787559476e+00
4.581456705975901045e+00
4.582135393499077836e+00
4.599659460799977673e+00
4.601028522023610456e+00
4.613255466198038945e+00
4.619581814821104970e+00
4.634365998029434053e+00
4.636358069576783869e+00
4.643504355790337712e+00
4.644609857655394691e+00
4.652835890078073078e+00
4.663538649874889863e+00
4.664462927156231231e+00
4.685514073464437601e+00
4.693980616222812152e+00
4.696919434558588513e+00
4.705448794507639754e+00
4.709620782178859599e+00
4.709830730558585365e+00
4.716488904484594791e+00
4.732201429247406388e+00
4.761070542529817651e+00
4.761464008130625203e+00
4.775941380716213658e+00
4.779821215334234097e+00
4.780378972293173767e+00
4.781952112494828100e+00
4.805465747648655750e+00
4.814139779757347526e+00
4.838225525146070183e+00
4.846851565052523014e+00
4.849306528025932650e+00
4.856395408800204372e+00
4.858625632298497976e+00
4.861344980942442717e+00
4.865516883176767671e+00
4.876905251781368023e+00
4.887742615317174355e+00
4.891460410545064974e+00
4.892107724042043415e+00
4.902777258801632954e+00
4.906978798433549116e+00
4.907431685797997822e+00
4.908640786316876614e+00
4.915709129234705266e+00
4.920107520513552934e+00
4.921623237296336661e+00
4.924313598092368238e+00
4.930767213375395031e+00
4.934752021214294793e+00
4.954350796344691332e+00
4.962056152768221651e+00
4.968625325092006051e+00
4.981274659041456943e+00
4.992028946457378602e+00
4.998531520954974106e+00
4.999057681310036472e+00
4.999599074282591538e+00
5.000014009266810611e+00
5.001058798056257082e+00
5.018237171186209267e+00
5.030275410529770674e+00
5.052798334296901395e+00
5.055145101859635837e+00
5.057361125780031941e+00
5.063496690163164615e+00
5.070115170940737492e+00
5.078534323578354659e+00
5.081864381404324504e+00
5.084835038454027512e+00
5.090343380907873083e+00
5.100987813350460698e+00
5.112221300736081275e+00
5.115360555314476088e+00
5.119048856320763008e+00
5.121809399701554355e+00
5.124742105571825412e+00
5.128417288470966895e+00
5.136799178361383333e+00
5.153268580003616428e+00
5.156811516008195539e+00
5.158227482554120336e+00
5.158954616963020712e+00
5.163350933529657460e+00
5.164527667145389245e+00
5.165966449943983463e+00
5.171915476449814086e+00
5.183137633485040752e+00
5.185099805198664313e+00
5.188213321708770920e+00
5.208191326647621189e+00
5.230839682275969516e+00
5.238042364458043387e+00
5.243722600433035730e+00
5.257780737551395411e+00
5.257821823340692369e+00
5.259287349213561669e+00
5.261058675762767756e+00
5.263206818113908447e+00
5.263430535145594114e+00
5.264098576554721021e+00
5.268374209688529319e+00
5.271987488168116798e+00
5.274428199742766665e+00
5.275271474845648179e+00
5.284972786533510991e+00
5.287454985341748959e+00
5.293271340875373987e+00
5.301127580012765073e+00
5.312377237878766145e+00
5.312410385896955134e+00
5.313240989458009267e+00
5.313795183550501733e+00
5.321688477869639833e+00
5.326537741244409041e+00
5.327113732537929636e+00
5.327903743552079519e+00
5.330620003567837273e+00
5.330817711977380746e+00
5.340567983562635845e+00
5.345023086439930182e+00
5.350686547556138706e+00
5.350838413188933274e+00
5.361670134083481365e+00
5.369469153835449760e+00
5.374598390393428460e+00
5.380275186010983646e+00
5.380508890178783865e+00
5.394558281638300201e+00
5.395305534366143796e+00
5.396452173095357630e+00
5.403406709343450132e+00
5.404045324497952052e+00
5.405575438527740140e+00
5.408263762561015930e+00
5.409402908868518267e+00
5.411232956392708182e+00
5.415253969385673827e+00
5.418314570304977984e+00
5.420556376450420544e+00
5.423361980430816409e+00
5.426164850900295988e+00
5.430214894186334185e+00
5.432305587313275730e+00
5.438426979217483748e+00
5.440208253487079482e+00
5.443814614526107043e+00
5.451282264655168852e+00
5.459272050329616377e+00
5.464657952954467213e+00
5.465670066431583152e+00
5.469336835375274930e+00
5.469810415507224910e+00
5.471341022725018988e+00
5.471649792863335193e+00
5.482033671134707298e+00
5.492573723462800039e+00
5.498170730209689161e+00
5.499276969892096467e+00
5.502278883571695367e+00
5.502424545145820467e+00
5.502556967488246187e+00
5.504739038972406462e+00
5.506221933185582174e+00
5.525290321799766424e+00
5.526185492603518767e+00
5.528634603588509222e+00
5.529579121343104475e+00
5.532277929272220618e+00
5.546610425366530706e+00
5.547829652936798084e+00
5.554977049144724788e+00
5.556362110263565413e+00
5.565793217714510632e+00
5.574787335418669443e+00
5.576244870303699308e+00
5.578910100895669189e+00
5.584199434122625760e+00
5.590528240366936963e+00
5.598721636194921025e+00
5.611470630387221270e+00
5.613724751788824463e+00
5.614295516465372948e+00
5.615331899596653464e+00
5.616397760126595529e+00
5.617892284886518262e+00
5.620731094302406028e+00
5.625618123213744326e+00
5.630048035157594555e+00
5.632698228136471030e+00
5.633078224868359740e+00
5.634275821974369158e+00
5.635163947922877448e+00
5.638453941151512439e+00
5.638624715225256878e+00
5.641919688366233920e+00
5.644529300967242591e+00
5.644782098047159025e+00
5.646460703165304018e+00
5.648642401900068499e+00
5.650595982213368451e+00
5.657611368502054816e+00
5.658154746263810431e+00
5.658399429442741990e+00
5.664610894466385993e+00
5.669504766384227068e+00
5.680529915519890949e+00
5.687565098266627928e+00
5.690196135524293375e+00
5.690396749099208229e+00
5.690850339703310112e+00
5.692178142689799714e+00
5.695216026373942420e+00
5.697178373287131947e+00
5.701894397622742972e+00
5.704366835164300653e+00
5.705187484360397576e+00
5.705632793188014418e+00
5.707672105037981503e+00
5.708602297779985513e+00
5.713229131826705220e+00
5.714955442000720254e+00
5.724182482222813562e+00
5.726959753537217424e+00
5.732028697456634347e+00
5.738022271043555556e+00
5.751294591388507627e+00
5.751330129882120445e+00
5.752090782709638361e+00
5.760722276342513659e+00
5.765959216289635592e+00
5.766539737955793221e+00
5.767780938612433239e+00
5.768525270495513446e+00
5.775638929316469827e+00
5.775990057694079027e+00
5.779593244557984733e+00
5.779685526344907842e+00
5.781428501314574753e+00
5.784791433641312430e+00
5.785289168086372946e+00
5.786594889044296863e+00
5.788348003055278745e+00
5.803605896680378962e+00
5.805824956049798757e+00
5.807240121389956933e+00
5.809010131247602793e+00
5.809117119681553199e+00
5.809171351481476009e+00
5.812472309140055415e+00
5.814077253344158258e+00
5.814532379521064165e+00
5.815722660569129232e+00
5.818366311020516157e+00
5.822829480638792354e+00
5.824587209519039632e+00
5.825351676907842169e+00
5.828078651657643050e+00
5.829701441852428445e+00
5.830426391037600631e+00
5.834279451616577461e+00
5.846663988631039643e+00
5.853507302303379234e+00
5.854075340428225083e+00
5.855430114016009213e+00
5.859467982994015500e+00
5.861581513663791654e+00
5.863386194486502667e+00
5.869480452197762155e+00
5.884475215612384957e+00
5.894344548647947768e+00
5.897524949618055068e+00
5.915937487938570882e+00
5.915958566256978024e+00
5.916090975291192322e+00
5.917178869688639153e+00
5.918038488517829876e+00
5.921106590910590661e+00
5.926233647723160303e+00
5.927301673956106853e+00
5.927307177705091412e+00
5.936189111516275041e+00
5.938363656599311646e+00
5.940823585768916892e+00
5.947380873914442034e+00
5.951058915568906649e+00
5.953759016177207819e+00
5.957694304138017927e+00
5.962779537721374368e+00
5.964267365951775979e+00
5.964351604754899228e+00
5.971493892143946880e+00
5.971816278037046288e+00
5.974037411829045574e+00
5.976437748500956992e+00
5.977865137834172948e+00
5.983400629227952905e+00
5.993127272910788506e+00
5.993395972448461784e+00
5.999050580864719429e+00
5.999418953478200756e+00
6.000430775967979358e+00
6.002461058116786319e+00
6.005403459046195991e+00
6.005407226562109457e+00
6.011007512188500712e+00
6.012023104109405658e+00
6.012558987771885910e+00
6.013036654316901597e+00
6.016404910510011916e+00
6.017363856822841583e+00
6.017983312181806710e+00
6.019464768440805358e+00
6.031077168382801723e+00
6.043554436917326633e+00
6.045969129703561151e+00
6.048938581863399833e+00
6.056758595465264072e+00
6.057895428764894064e+00
6.059049887042737836e+00
6.060552811298220988e+00
6.065646588189001598e+00
6.067695138636877594e+00
6.071484292946717432e+00
6.078642097553613510e+00
6.080852835680756741e+00
6.080935517556861569e+00
6.090308300190705459e+00
6.091025384432092515e+00
6.091149426189174321e+00
6.098250935025378183e+00
6.101215138855447861e+00
6.103101365384025812e+00
6.103316825788538402e+00
6.103619322873223396e+00
6.104797992485946345e+00
6.105577657162138294e+00
6.113074374004696665e+00
6.117316075694450461e+00
6.120537642836127112e+00
6.122293905925705992e+00
6.123441643071279472e+00
6.135197368819232722e+00
6.139927666154731511e+00
6.142180901288475603e+00
6.146078240841925222e+00
6.147268788705144260e+00
6.149847468490542646e+00
6.149847782049759459e+00
6.152295657712977039e+00
6.153132566575042262e+00
6.153412568794837334e+00
6.158839832681422877e+00
6.159727965090739943e+00
6.164251447024775565e+00
6.167742243345855968e+00
6.169078144852875312e+00
6.171867829955440143e+00
6.173160686177092238e+00
6.177417452967719491e+00
6.184537827615177008e+00
6.186911716561590779e+00
6.190341544456825496e+00
6.200830662619580380e+00
6.204658264759687292e+00
6.214226110869691233e+00
6.214543492331687347e+00
6.214858140053257429e+00
6.218135873506126288e+00
6.221067814988753497e+00
6.226681350806805071e+00
6.230463232933127316e+00
6.237103672287012124e+00
6.242984756363634702e+00
6.247667527717211122e+00
6.249648026123309386e+00
6.252376531275332994e+00
6.258996800744048628e+00
6.260149232530451968e+00
6.262361140975084339e+00
6.265274668762330634e+00
6.269596000029304506e+00
6.272661183742183511e+00
6.274703487070395269e+00
6.278125273130732431e+00
6.279822937803014149e+00
6.280133110797728513e+00
6.280570092076104949e+00
6.280990488511918102e+00
6.285800531993225526e+00
6.292622554928030354e+00
6.296234855096132677e+00
6.302177493693307042e+00
6.320831794388364067e+00
6.320993028589469986e+00
6.321730344544112867e+00
6.323582696531859781e+00
6.327511793547555996e+00
6.328063850104090449e+00
6.331741286356986187e+00
6.342733887137026905e+00
6.347454985413346407e+00
6.348944731821039689e+00
6.352623051281066857e+00
6.355226536531974446e+00
6.360167504192542509e+00
6.362100906619665430e+00
6.370042246068601699e+00
6.377353236483147114e+00
6.378702713821877701e+00
6.380912138264914546e+00
6.383262800163784334e+00
6.386697827066345035e+00
6.386996832496912191e+00
6.387359336608460225e+00
6.391790931584818480e+00
6.402141362878164266e+00
6.410599550320392304e+00
6.412859495004441079e+00
6.413020575490408604e+00
6.414920497967554702e+00
6.415264440223925391e+00
6.415974500078474030e+00
6.416366483286700451e+00
6.418554088784208744e+00
6.424228193182374369e+00
6.430249897437671613e+00
6.430432110645208255e+00
6.431989766819875776e+00
6.432863296191103863e+00
6.438639692322833952e+00
6.446337263420452324e+00
6.447979343613409853e+00
6.448404307823586201e+00
6.448697615899455116e+00
6.460232213192153239e+00
6.475022994904020557e+00
6.476084816251217013e+00
6.480138518341293619e+00
6.483760926025771809e+00
6.495912261969895241e+00
6.498991932432421237e+00
6.499612638393648112e+00
6.500463801976566813e+00
6.508503232408590300e+00
6.514712054373038796e+00
6.519129225664983984e+00
6.522257904080632329e+00
6.525065629120597066e+00
6.530990211924872391e+00
6.535754514349698674e+00
6.538751938297431288e+00
6.539927977421084115e+00
6.553925371305052039e+00
6.554737773475254770e+00
6.555598134582952596e+00
6.556260147247146008e+00
6.556529824191103195e+00
6.557953907922583703e+00
6.559221416926587445e+00
6.559403701292773725e+00
6.572863606792114233e+00
6.577609631666410550e+00
6.577762946439613678e+00
6.579502898686157231e+00
6.592058287239389358e+00
6.593661772796340692e+00
6.593966393814402416e+00
6.600686403800446023e+00
6.601152023986537110e+00
6.601977446476586131e+00
6.609330320267744696e+00
6.609793078141104949e+00
6.611093605044220389e+00
6.612696220700120087e+00
6.612889639074108317e+00
6.625954651250929750e+00
6.626191111753709784e+00
6.627116588450585155e+00
6.632394486283300417e+00
6.635038881516289067e+00
6.638586992701324796e+00
6.639351778217250200e+00
6.639528531140919121e+00
6.645090103613941146e+00
6.648440996283616400e+00
6.650310400931749300e+00
6.650377607031619398e+00
6.651621098471975024e+00
6.652101736704588042e+00
6.652897728835652558e+00
6.662222850667539831e+00
6.668734679200520432e+00
6.673334462676528744e+00
6.676549212959240975e+00
6.687254860485777996e+00
6.690935209111843918e+00
6.691706420861603277e+00
6.694728011556918545e+00
6.701362961615812353e+00
6.706172447547578130e+00
6.708172876046967659e+00
6.711883997539358937e+00
6.721486014345278370e+00
6.734101505558305334e+00
6.748336243357229591e+00
6.757627628151612775e+00
6.769450112457394475e+00
6.769711416918831937e+00
6.784296787563261155e+00
6.784780549539084049e+00
6.786297472120203622e+00
6.786741626842923480e+00
6.792279099681926446e+00
6.795094450896791649e+00
6.798200795832472387e+00
6.806052822989962614e+00
6.809797380944187850e+00
6.820050596496053608e+00
6.825446311304262714e+00
6.828447397603849112e+00
6.828669696908479025e+00
6.828686171828265650e+00
6.830849134076245832e+00
6.840274310496517352e+00
6.844532007245478056e+00
6.846939902054469229e+00
6.852494015174682929e+00
6.852921730184915461e+00
6.853576739031266740e+00
6.867292988167383427e+00
6.870746950933674491e+00
6.874704033517672563e+00
6.882573782897140724e+00
6.899339262558749297e+00
6.909707033000021426e+00
6.922543227329684967e+00
6.926505063478524349e+00
6.927831771077560319e+00
6.931137207231497399e+00
6.933402820801615185e+00
6.933518126768425383e+00
6.941352707219490270e+00
6.943474428238975094e+00
6.951578736063519059e+00
6.955609900628139108e+00
6.958346798873766836e+00
6.965665339907120668e+00
6.966343320999090594e+00
6.987994815641610735e+00
6.995828881688608725e+00
6.996923861592720506e+00
7.010149424040495347e+00
7.019165953803548241e+00
7.020953120635318179e+00
7.030774037043355129e+00
7.032582183295852829e+00
7.033667681621015966e+00
7.044991859268682433e+00
7.047782666462617307e+00
7.051844168289919779e+00
7.054486364210015736e+00
7.056282251790419124e+00
7.058146737141360205e+00
7.064471877664818322e+00
7.067037319032429821e+00
7.072016650038619900e+00
7.074579056739962013e+00
7.079698039289963774e+00
7.082369541749624631e+00
7.086859190255061947e+00
7.092038983960478049e+00
7.095856516573411099e+00
7.105982080262595701e+00
7.107415368970086966e+00
7.110153446878721084e+00
7.118693339142939891e+00
7.120088609370823107e+00
7.123719151859925880e+00
7.123742772752336805e+00
7.125017917146455382e+00
7.130011351456427171e+00
7.134450656042623962e+00
7.145594674463113805e+00
7.149173478738084953e+00
7.154189428389024386e+00
7.158030351484725884e+00
7.158268599451814040e+00
7.187162467463779514e+00
7.190607790721275094e+00
7.191724901848375318e+00
7.193647223038704297e+00
7.195351112971184904e+00
7.200107635534828354e+00
7.205912364486822597e+00
7.217359521676597112e+00
7.217500207429303316e+00
7.238867520391234933e+00
7.245301030832667522e+00
7.260497568322968220e+00
7.265343154970276274e+00
7.277103937023525759e+00
7.283865078617460576e+00
7.285190198230017344e+00
7.288434350191835165e+00
7.297924348165345521e+00
7.299814661428843721e+00
7.317642797777053509e+00
7.326802100996029132e+00
7.326920087532685422e+00
7.327575249040197747e+00
7.331662059332630932e+00
7.335858014312108821e+00
7.340616211455939677e+00
7.347644123601575039e+00
7.350615756655251687e+00
7.351411768926999102e+00
7.362982453592435306e+00
7.364046846009809855e+00
7.365088805097302682e+00
7.381760398641053378e+00
7.383851467317621875e+00
7.390398188085153031e+00
7.399656327555414137e+00
7.417719537852754286e+00
7.438513164502339237e+00
7.440925906913102850e+00
7.443509317558545391e+00
7.460250050459780624e+00
7.464441260260276323e+00
7.474506570870908639e+00
7.477512701930328021e+00
7.477668747066782196e+00
7.483894100652770831e+00
7.493383972110846614e+00
7.501573493516652924e+00
7.502841170323241826e+00
7.519862663828690508e+00
7.520299665779502263e+00
7.525204167247098397e+00
7.527612346965719681e+00
7.545271914291684645e+00
7.574925950037583178e+00
7.578551820511115977e+00
7.578701436322677232e+00
7.589387946685549835e+00
7.593287179738841708e+00
7.594769571991081492e+00
7.599285732347719424e+00
7.604554541461151729e+00
7.614102397624590068e+00
7.648632815966278642e+00
7.648993689049915723e+00
7.698010599762285189e+00
7.718981705574082142e+00
7.735512039133734419e+00
7.737033472444908355e+00
7.767929791057540889e+00
7.773913546640972783e+00
7.789023603595815359e+00
7.790413287816768673e+00
7.807027405455299274e+00
7.819478036419677203e+00
7.827199449468636772e+00
7.833585824667597564e+00
7.843977262112500348e+00
7.855100833974677066e+00
7.876526926719655819e+00
7.973375968519142987e+00
7.974973889059931764e+00
7.988239687726009564e+00
7.988920519131853304e+00
8.006063528040117561e+00
8.033429822137172494e+00
8.041205004282289792e+00
8.062376046946349462e+00
8.066278795383198030e+00
8.110653083498952753e+00
8.151681068422609755e+00
8.157544623898155933e+00
8.163977039993588036e+00
8.168682854954344208e+00
8.172398272485708048e+00
8.190851402771398782e+00
8.218396663083593623e+00
8.251867285619727710e+00
8.299520048914926562e+00
8.322154035043782372e+00
8.327541127294557199e+00
8.328039597972939134e+00
8.344645090883203054e+00
8.365913555113948519e+00
8.381919396628896735e+00
8.453823819190416700e+00
8.469784257317016340e+00
8.473378768652651161e+00
8.484025039138575863e+00
8.496037754971082379e+00
8.501519674088330092e+00
8.502643512326129027e+00
8.520460155450351181e+00
8.533015108736044851e+00
8.535022685931423325e+00
8.559011590686861126e+00
8.598644643656786712e+00
8.618698479966917958e+00
8.627753138485017459e+00
8.640155882202071425e+00
8.648698806209285550e+00
8.669521649946094755e+00
8.672493952797644567e+00
8.675396989642985446e+00
8.696063032694603123e+00
8.745084539868857476e+00
8.772117543249724037e+00
8.781069644611573466e+00
8.844413789677165738e+00
8.858949638862185338e+00
8.860910220545807903e+00
8.883292788468896362e+00
8.884328178668466691e+00
8.914183537535567581e+00
8.968182442738669380e+00
8.975400862184105932e+00
9.015958201669352690e+00
9.019183995078988048e+00
9.037244835518128738e+00
9.111467648868753599e+00
9.119423635440426779e+00
9.121732117762677561e+00
9.134157313628533004e+00
9.138777540217997597e+00
9.146998294586346390e+00
9.147408455681315331e+00
9.166273683822650398e+00
9.181920415022865711e+00
9.183776607225658140e+00
9.222555606818769292e+00
9.225622869620096367e+00
9.227628079619776713e+00
9.228159060917652923e+00
9.229432220283454669e+00
9.239869993472135334e+00
9.244028842704343774e+00
9.248805954848599242e+00
9.260455325508104352e+00
9.277185333455852501e+00
9.284909418125725011e+00
9.298014622479287894e+00
9.324094735991904415e+00
9.341014153704568557e+00
9.445555438920058222e+00
9.464702297819055588e+00
9.468248956967961760e+00
9.487119734598401521e+00
9.509045950546537895e+00
9.511935647054109211e+00
9.518469048500117324e+00
9.595867904524858716e+00
9.660928987522639844e+00
9.669939384515405578e+00
9.679979646662095760e+00
9.685965542984821042e+00
9.714560764452102148e+00
9.718213965387306530e+00
9.735322106655960539e+00
9.773992516456239343e+00
9.775173494570466914e+00
9.796796286534323883e+00
9.797056350736012220e+00
9.805744524014452068e+00
9.806210040555509266e+00
9.817722303096964254e+00
9.828847834909648640e+00
9.841699194905457304e+00
9.843300123318597272e+00
9.872827837944274876e+00
9.876118332065908945e+00
9.888618561722031686e+00
9.907151474488793852e+00
9.923641174243185148e+00
9.930653654162835409e+00
9.935057209437617942e+00
9.981640662111285422e+00
9.986928560424777501e+00
1.000111788418006853e+01
1.000742134761102520e+01
1.001748713948004976e+01
1.001775809102108994e+01
1.006377886482569295e+01
1.006573649560219152e+01
1.012982690220485971e+01
1.013334558981738454e+01
1.017411224661560532e+01
1.018246271104272971e+01
1.018357760171547177e+01
1.019603125459838644e+01
1.019729098226724062e+01
1.020177069352496524e+01
1.022558482563065496e+01
1.024645306938349698e+01
1.026591986558787717e+01
1.030128763620065513e+01
1.032250640077726622e+01
1.032508910415732117e+01
1.033816577223620392e+01
1.034223811572284291e+01
1.035931880892636059e+01
1.036430439494433031e+01
1.040966613590977019e+01
1.043822305790950189e+01
1.047831897358942932e+01
1.048746443774800241e+01
1.052226498290811563e+01
1.052850237422378576e+01
1.056085854957403214e+01
1.058998737632284204e+01
1.060107549756669698e+01
1.062107307219938512e+01
1.063693347096018726e+01
1.064762986133061951e+01
1.064777013686366658e+01
1.070031677864844610e+01
1.070454302154006143e+01
1.071414893066807039e+01
1.071599540229662750e+01
1.073132555515840458e+01
1.075113590344312442e+01
1.075141037991957838e+01
1.075337563264870688e+01
1.075392303686883366e+01
1.078427945602341609e+01
1.078878274444269358e+01
1.079139573569005961e+01
1.080595722017840821e+01
1.081825640131727617e+01
1.082790969283814420e+01
1.084128980765411221e+01
1.087289446089637579e+01
1.087971048740439528e+01
1.089817375211618256e+01
1.090978113839456753e+01
1.090980696506786174e+01
1.091239937297237184e+01
1.091693489490564417e+01
1.091902667602756871e+01
1.093736927441788609e+01
1.094633480245970603e+01
1.097130353150991233e+01
1.097610798892070072e+01
1.097961880921554823e+01
1.098757362930494708e+01
1.099686819404331750e+01
1.099742699159438786e+01
1.100881967826858521e+01
1.101999055194357879e+01
1.104324788160595183e+01
1.109364842131160067e+01
1.110459092580078710e+01
1.111614023403638996e+01
1.112090118749076950e+01
1.122259979557596132e+01
1.126171453891435981e+01
1.126262109667995404e+01
1.126841625574715877e+01
1.128044094276621934e+01
1.128407971304467416e+01
1.131269997753897982e+01
1.137429196133381026e+01
1.138461421588860567e+01
1.141303003459601406e+01
1.141619300790454083e+01
1.144069013332100404e+01
1.149114024009096724e+01
1.157180617134129008e+01
1.157810380891272928e+01
1.158959029404335261e+01
1.162278469246471957e+01
1.163216890583386487e+01
1.166092311606636400e+01
1.166918232554233192e+01
1.167772548296463953e+01
1.168833307757762618e+01
1.169509036918219458e+01
1.169531669711342126e+01
1.170991236576092298e+01
1.172488524577884128e+01
1.175897360533655345e+01
1.177806666950909786e+01
1.180846905234713695e+01
1.182346120751769014e+01
1.192495773358867694e+01
1.194545574051477388e+01
1.197779266132813092e+01
1.198817814628958800e+01
1.205703236448780657e+01
1.210663090268531761e+01
1.219274329849547023e+01
1.220699890538989507e+01
1.224366151686645132e+01
1.227393700538169163e+01
1.227872339591401385e+01
1.232321157027644531e+01
1.233313672248534232e+01
1.233673120340453977e+01
1.237387754787991589e+01
1.242357336910471233e+01
1.251821261623619463e+01
1.261112153967933658e+01
1.265125502164905846e+01
1.265901643808586918e+01
1.271293976527509706e+01
1.273632515870532700e+01
1.275361455772785391e+01
1.276810010154050268e+01
1.279774595808911819e+01
1.283658173408989711e+01
1.288446995539461426e+01
1.292510794877863667e+01
1.295006301490959189e+01
1.298696446291711126e+01
1.301057253726044216e+01
1.312007356982271133e+01
1.312879697634717679e+01
1.314851671794782284e+01
1.321001322036226533e+01
1.322576475537500329e+01
1.329549092888584916e+01
1.334499696012050407e+01
1.340319878766627326e+01
1.342721810306015939e+01
1.361392204268057071e+01
1.361964052557819116e+01
1.364304836282402533e+01
1.386494836339786296e+01
1.420444886923872474e+01
1.420525176201276807e+01
1.439830193885321208e+01
1.501678337721515710e+01
1.515271235115255877e+01
1.569948976223435011e+01
1.573789229945539603e+01
1.627208061839321118e+01
