-9.383182886751522123e-01 -1.216089836574360650e+00
1.196555321164394448e+00 5.034309965759066197e-01
1.523967188943960993e+00 -6.373008126043590016e-01
2.974590247214353056e+00 -1.412450418130451746e-01
1.642768293395181489e-01 -8.698592331919652310e-01
-4.759786298282112083e-01 -2.036683459676496832e-01
-4.161406288585507429e-01 1.168501160998980826e+00
-3.157954947394460143e-01 -5.167853793484353253e-02
-1.764663590985106500e+00 2.738783030948753749e-01
-6.787180752942139073e-01 4.050996818997947280e-01
-5.924395291535863306e-01 1.125978654281195812e+00
-4.675178888133931787e-01 -1.764378343674934679e-01
7.216859000015896086e-01 -2.561547036486356843e-01
-1.081236814542683167e-01 -9.332803657413227816e-01
1.021294002504022469e+00 -1.209868867642071910e+00
-1.072764995006406236e-01 -1.874096559970893361e-01
-1.625001738930169193e+00 -6.315976787888100130e-01
-1.459459923813013704e+00 -6.015491021927344972e-01
-6.173801753234010592e-01 7.299470726563765666e-02
-1.316940506020891188e+00 -2.000127863800288675e-01
-1.159465830247585316e+00 -3.800639413660016341e-01
-1.966508891932490011e+00 -1.158929627067322443e-01
-1.826940565192219257e+00 -8.054821348091212307e-01
1.604667242408258643e-02 -1.272521537556934590e-01
2.825647278208588187e+00 2.053224822499285285e+00
7.661558275079560776e-01 1.056946589392266045e+00
7.176363830233534191e-01 -1.403293646518301685e+00
5.989661045994003619e-01 -7.471077450967708034e-01
4.784890598562157593e-01 9.531563120928659982e-01
3.733578378186581670e+00 1.480086527978315747e+00
-5.378119880565888078e-01 -1.571013826690384585e+00
8.829651771083664169e-01 -1.998413843001350720e+00
-1.606022156035316284e+00 5.377329055095466659e-01
5.915455271844727303e-02 7.973004366699870671e-01
-1.338930685953330757e+00 5.307813020955735039e-01
6.885840089473773684e-01 2.017843722875946322e-01
1.064519380671157034e+00 -1.227894988206042759e-01
-4.168788535139138496e-01 1.894206522604699572e+00
6.389228611448918294e-01 9.981614958835890450e-01
3.424095754573995620e+00 4.837771354526488876e-01
7.775350371806444283e-01 -7.318932745960897712e-01
-1.596064084150669693e+00 -9.416371351700344450e-01
-2.104454455419050851e-01 6.193414143014938089e-01
-1.044446049632012041e+00 3.826299135922061057e-01
-2.874455958867516703e+00 -1.578200830063451576e+00
-3.463573464718172623e-01 -1.013659259448277394e+00
1.506712000966911935e+00 -6.303117162724543032e-01
-2.322772537810389615e+00 -1.023982979179367980e+00
-1.379445907762002710e+00 6.599840903769412792e-01
2.322530788316767847e+00 1.280265008436003660e+00
-3.994381854142968535e+00 -1.408997058604587460e+00
1.389644845360266112e+00 -7.481838656552914912e-01
1.847200128705031030e-01 3.981721257917215651e-01
-1.386550126754997780e+00 -3.479026783765984399e-02
-1.657457097592470063e+00 6.161548516614310245e-01
1.220257596027728653e+00 -3.664403883944202800e-01
-2.377426956633211130e+00 5.183621187384634954e-01
-1.229128098460258833e+00 -2.467251245298283935e-01
-3.436338336423497841e-01 -5.714692603202736754e-01
-7.980179171475826339e-02 4.596584910757600673e-02
1.072544158913653289e+00 1.240625730057380860e+00
-1.313598842120948351e+00 -3.866333188005340871e-01
-1.751540222038476591e+00 -1.587678283107861965e+00
-1.806241787943985377e+00 -1.795876373431213757e+00
-1.231728475814992396e-01 -4.901304366932722756e-01
7.562330207005811822e-01 -4.361633145825819513e-01
-2.762982388736722861e+00 -1.805762781328283051e+00
1.560144119688284370e+00 6.809323790499868245e-01
2.387924568087221311e-01 1.516239392050337198e+00
2.539767368235264833e+00 9.366207143726211770e-01
-1.459584970462717513e+00 -7.232996974177848815e-01
2.016909093596570557e+00 1.407329442304408484e+00
-2.259943984967308639e-01 1.934196550829391237e-01
-8.932252596951009149e-01 -2.399287064559582905e-01
5.944925576270831957e-01 7.028494369427482069e-02
-4.217800385904429961e-02 -8.551595691717787107e-01
4.435350262576705505e-01 1.838531626752043069e+00
-1.137674391534149843e+00 -7.937856493140014180e-01
2.227686009603071504e-01 -3.353457967407957874e-01
5.116031925127000335e-01 3.129383038663937633e-01
-3.649635234636331438e-01 -6.408689985490583219e-01
-8.673671976772896475e-01 4.516044343331659938e-01
2.330161396101609883e-02 -1.104945688845321738e+00
1.646134734119485410e-01 -3.963733832923865830e-01
-1.764922736942184045e+00 -1.461374885237597177e+00
4.999785106846987848e-02 1.016110440187592445e+00
1.790964174199419556e+00 1.622615489751590978e+00
7.149862336729659873e-01 2.327657817779758276e-01
-1.221125651923898880e+00 7.393234568029812825e-01
-2.255216037055277400e+00 -2.346466152976866837e-01
-3.902050514641755563e-01 -5.740812349129539305e-01
-1.937186790599820352e+00 -1.275983323553780746e+00
4.697194199192530895e-01 2.048818931011529454e+00
-7.875912421989312850e-01 1.790735437837501498e-01
5.392540872166420307e-01 1.853031866308428033e-01
1.431399827833007565e+00 5.760746952076364336e-01
-6.398026024710226078e-01 -1.265060982244787136e+00
2.754823244235509727e-01 4.679361063768173734e-01
1.754568436149006594e-02 -1.214648045769234352e+00
9.963091411396345354e-01 1.999744406426150034e+00
-1.102899933268658650e+00 7.652430744676682606e-01
2.917439713253114353e-01 -1.653726397310815999e-01
8.060579416932951435e-01 8.698803413648418248e-01
-1.295219284310243024e+00 -4.198885808386774166e-01
2.697165638585042213e+00 1.244917503596394637e+00
-1.589368943839926551e+00 6.114591180941354454e-01
-1.430906204966096107e+00 1.385622764137778518e+00
-1.629221204674753176e+00 1.606145541985841696e+00
2.285740049698826049e+00 -1.435527201005644349e+00
-1.883629084355067929e-01 -1.713943907066584060e+00
-7.658166541405888594e-01 -1.357426493648702603e+00
-8.319544810951466918e-01 -7.963064559866807057e-01
-1.027370369639432512e+00 -2.504870384309020537e+00
3.133498380995060617e-01 -1.169040154530569975e+00
-1.508587469579869778e+00 -7.214584751453820832e-01
1.955199818708315274e-01 1.560054616270346362e+00
1.524352635914735021e+00 6.001579222157853444e-01
-2.640399282127951608e+00 9.762220076088254928e-01
-6.512068228486613819e-01 -1.702783911277093998e-01
-3.928534519957320725e-01 -7.224033546694660912e-02
-1.563633774569850088e+00 6.208583740653169647e-01
-4.579631850726454401e-01 2.475626143901543397e-01
-1.443917676673661221e+00 3.264421520345284211e-01
-1.239806859123088190e+00 -1.866887086839601029e+00
-1.063938858742179638e+00 -2.770359476253694275e+00
5.776565219715941168e-01 1.020995519010374553e+00
8.493511365016770398e-01 3.949228118636896046e-01
-2.810143962772747805e+00 8.672341486137107314e-01
-1.438469889019913461e+00 8.526349548654575949e-01
-1.366959931099759551e+00 1.959585816623163002e+00
-1.733156410060344488e+00 7.483792482122566536e-01
-1.774994360061454390e+00 2.418463110619925582e-02
-1.215687471889747240e+00 4.198706586338765701e-02
-1.685197146507094734e-02 9.985491091380107598e-01
-6.164405993950490270e-01 1.393863306790062317e+00
1.085182680305074587e+00 -5.996300271026469564e-02
1.858789408582670832e+00 -1.332852957151653139e-01
-7.391983826926424861e-01 1.138618275307424099e+00
-1.191550489944607438e+00 -6.813928038884223826e-01
-2.344370783877329778e+00 -3.804296648310978579e-01
-9.415146692035127884e-01 1.939375895057983357e+00
2.133480674128972243e+00 1.449865034911608674e+00
8.937718722890097833e-02 -5.325928111876757631e-01
-4.014276842283044933e-01 -5.881219421003127668e-01
-7.525823566070983794e-01 -5.093777557557852553e-01
1.721357968054105791e+00 -3.318567895898371090e-01
-1.392733621006754685e+00 -2.325610883793691464e-01
-9.734186004165763517e-01 7.363508941167296040e-01
-2.791904468165905540e-01 8.337392617668766270e-01
1.242982302481888013e+00 4.593004033332377389e-01
6.918207039881414389e-01 1.769514162618666120e+00
-5.032804561240522556e-01 -6.005825842026027983e-01
-7.752001953038191451e-02 -2.746553356774126264e-01
2.403282093017765852e+00 1.293205552560642069e+00
-2.483674019226001839e+00 5.749956421227148118e-01
-1.926940162521618483e+00 -1.956816910475083493e-01
-2.267360751662167662e+00 5.498945554845792172e-01
4.249639021246946480e-01 -2.261683145098646541e+00
-5.653226020427963849e-01 -1.901190343442571873e+00
2.101749054768982994e+00 4.389515461213701064e-01
1.807547620589313064e+00 1.123037702147342776e+00
-8.019009907212575339e-01 8.719149044097308510e-01
-1.610717124215030882e+00 2.110855851623596013e+00
-3.090816582461749507e-01 -2.090649463490558968e-01
3.639250188805884245e-01 -1.491798154021361789e-01
5.802091075315516377e-01 2.652663180335332327e-02
-2.239574656636273087e+00 -9.433741794857167795e-01
-1.465237318657232501e+00 -5.013411858754288630e-01
-7.068603913091366930e-01 8.659362196290688596e-01
1.269038176774953897e+00 8.167077058257297129e-01
4.091309219741462999e-01 -6.494195276262708649e-01
8.807278099429782792e-01 1.057927208397788865e+00
-1.768326511582229310e+00 3.015547902637226496e+00
-6.323488599162568891e-03 -5.874198545119195813e-01
-9.841519853104501170e-01 -7.524523207444980821e-01
-6.617896034805454963e-01 -5.438777250685177256e-01
4.718375223922432471e-01 8.161246110928147557e-01
3.041852833045440296e-01 5.534395537781624519e-01
-4.608422163030255203e-01 3.718137378957007133e-01
8.592147948282271575e-01 1.511431403036734566e-01
-4.030504678493025961e-01 -1.123693579549320809e+00
-3.526587335726343309e-01 3.443817542029246614e-01
2.886905916219556278e+00 9.539865222239315434e-01
1.031409123535399486e+00 1.349037670974563285e+00
2.219546128407313468e+00 -1.837833992865453570e-02
1.107998265082603462e+00 8.610065395542378930e-01
-1.564253573348899362e+00 7.818209862718662473e-01
3.693790554290870554e-01 1.283103383891173177e+00
1.251229878074455515e+00 1.373484958443567550e+00
-1.190907677610695270e+00 -1.050436188275476468e+00
3.880430298621177498e-01 1.986734206879935127e-01
-4.194087645783312057e-02 -2.527825935946034885e+00
2.024183552430474098e-01 -4.513827169832554387e-02
1.942518889915550995e-01 3.325201372964196045e-01
1.516529163882701647e+00 1.589334621381240931e+00
2.285189712081991509e+00 1.498024834902616620e+00
-5.606058988305722135e-01 -1.540184351870386992e-01
3.779983608137665319e-01 -1.311670067248638660e-01
-2.719456118340140893e+00 -2.435086177342786318e+00
-1.353563157238997894e+00 9.372834504501549313e-01
3.743468213214872775e-01 -7.421527001130180379e-01
3.847122226228755770e-01 7.208106996159783231e-01
-1.503951056831405841e+00 -1.337832373126903285e+00
2.053004045745088213e-02 -1.439634761825474285e-01
1.686992445274752228e+00 -2.838667883668886116e-01
-1.617743266513591571e+00 -1.578648576161918726e-01
-2.667222497222555333e+00 3.926973853015222060e-01
-7.807203071962880436e-01 2.144632071691505437e-01
3.107342320442322503e+00 -3.361406959805793848e-01
-8.291719820319414236e-01 -1.076831800631032898e+00
1.203760117263624974e+00 1.217489405038504113e+00
9.405925668151646768e-01 1.621439503116855363e+00
8.970279742855129523e-01 1.575240644958276093e+00
-1.686981691147064533e+00 3.795030208407954575e-01
-1.687739902007439285e+00 -5.456258850627371260e-01
-8.358747571530260601e-01 -4.376031622675066179e-01
-1.928727388919794672e+00 2.290356769126973280e+00
-9.705079211522169569e-01 -1.955295412408090960e-01
-5.997033114854726232e-01 -4.127723035130944629e-01
8.139083590372930832e-01 5.534308587272304680e-02
-1.278977730214372110e+00 -8.065574153832006932e-01
-1.570832925046872441e+00 6.536347800664841223e-01
-1.482774403941556463e+00 -4.479632505637207718e-01
-2.648855603119402713e-01 -9.362409342543193125e-01
5.413603244203712972e-01 1.271896778690531749e+00
-5.208242592502940749e-01 -1.449182217422104513e+00
4.131198128264535474e-01 4.682501395039425640e-01
-9.641654564054047416e-01 -2.190830989579744870e+00
-1.554104655220186260e+00 -1.146269839355657849e+00
1.005337298762370102e+00 -1.623760395416339597e-01
-1.648272108424999383e+00 4.052654875812264357e-02
2.588268257836397801e+00 7.147293428232758261e-01
9.862466210732625527e-01 1.095476868089108935e+00
-2.056834386575653872e-02 8.077896343925737854e-01
1.129295119915164847e+00 1.500589161213515543e-01
1.217699931846133676e+00 1.457281483083119555e+00
-1.251806491301703295e+00 5.992745448135523567e-01
-7.107123500005507744e-01 1.298990519227734897e+00
-1.371176794049708603e+00 1.026353892365801990e+00
1.200577487424091760e+00 1.337131848264938583e+00
-2.194259462761682045e+00 -6.816798528198081408e-01
1.839717362744833329e+00 1.034635543802600477e+00
-4.758007961357915150e-01 -5.771565106434769499e-01
-2.468296615552026729e+00 3.280226139860513701e-01
6.065232893373910805e-01 -3.533705141145987438e-01
-3.554664574740176164e-01 9.249600384672644893e-01
-2.628865384474555755e-01 3.393061155708958498e-01
6.138228736752657788e-01 7.351177962301786994e-01
4.743271951643401874e-02 -1.285306923597796747e+00
1.754779869201093634e+00 9.963823666880877727e-01
-1.314486856547598448e+00 1.597231173649469038e-01
1.142190985231639422e+00 5.055812554056364760e-01
8.989446935494033175e-02 1.262487285167643303e-01
-1.869560484092833486e+00 3.722500306144793658e-01
2.227026467811748400e+00 -3.907533159156683089e-01
-1.668291679695716567e+00 1.452381523737409641e-01
-3.575909456679077891e+00 -1.252194553837393975e+00
-8.179221241122491826e-01 -8.472116685024461136e-01
5.851551946707189700e-01 1.076151347976260997e+00
-2.121432062852904199e+00 -9.729584212298495460e-01
-1.267148399690616101e+00 4.745453876665828297e-01
6.967251205509297218e-01 2.297481828546971971e-01
5.079079983550640609e-01 1.046114456421444405e+00
-1.540268667792380697e+00 -1.105209544307448111e+00
7.634058431487422691e-02 1.645212095570657840e-01
-2.208271096594760952e+00 4.759992491109870105e-01
-2.624642990011999633e+00 4.115238850542695115e-01
-1.885976615248593280e+00 -5.108262283811846327e-01
-5.034825153065161096e-01 7.335025263976363563e-01
9.454549534512540765e-02 3.061880261986268170e+00
5.232849680100406520e-01 7.276236672851678078e-01
4.271064477410612681e-01 -1.587692200549079224e+00
-3.604990348296982505e-01 -1.258085212050254142e+00
-2.041200668049330424e+00 -9.634474057898842481e-02
1.046845788406765565e-01 -4.749412623384241527e-01
-6.214668063401660447e-01 -7.333324900114274181e-01
-2.957912046876128853e-01 3.631162257227824597e-01
1.025548819234782805e+00 -2.166408816336489629e+00
-2.687172542831765654e+00 1.883212842531869491e+00
-1.633463658434754384e+00 1.184923645380808743e+00
-1.214398248666886948e-02 1.619997210531683718e-01
1.092843367112257713e+00 -7.810685213710769070e-02
1.714343163881930199e+00 -7.698635682605456387e-02
-1.703714753994620024e+00 -1.078936965057463837e+00
4.766889373290256748e-01 1.076328768379514855e+00
9.265006991209012721e-02 2.078540027799999912e-01
-4.213037201577068958e-02 -1.225435495421589582e+00
-4.352530783881281562e-01 8.729573869123221641e-01
-1.561257358409653628e+00 1.516652419192984491e-01
-3.765168898017329457e+00 -1.652590717785257457e+00
-3.270826444399249633e-02 -2.231704447063232177e-01
-1.713517122274378357e+00 -1.126079391062718038e+00
5.597313963212308119e-02 1.748870164904761326e+00
-5.427345796391096489e-01 6.492433870260091444e-01
2.386237753845705800e-01 6.867394309241213746e-01
5.967715849576094023e-01 -4.307985949355949140e-01
-1.112644935879997021e+00 -3.086989908054900145e-01
-7.839501582237944355e-01 4.551463539797975799e-02
-2.331418216101619478e+00 7.164980727471320643e-03
-8.386661768148269136e-01 1.678538724846874830e+00
5.949952719639952647e-01 1.594547635523056117e+00
-1.080711496108162972e+00 1.309488205178293230e+00
2.049695992155847080e+00 1.372659543881281197e+00
-1.038437051936458078e+00 1.325421705860654997e+00
-7.225687081584748483e-01 -6.928864384562226642e-01
-1.097822247140633589e+00 3.847838669208315521e-01
-2.213524622046477486e+00 -4.461650460771346971e-01
-8.756346870782194536e-01 2.491395133553577501e-01
-7.703862428069310209e-01 -1.347734945365725023e+00
-1.566017173518056582e+00 -1.935970283719422369e+00
-1.238952771962351207e+00 -1.211139055853850621e+00
-2.977284403318540829e-01 -7.527808787878526031e-01
-1.604258465698860769e+00 -2.096941045776928636e+00
-3.525218233389266320e+00 -1.521361134138180304e+00
-1.038219478787278383e-01 -5.159977108861509842e-01
1.545291200443735358e+00 5.840665627487749978e-01
6.294718022239929045e-01 -2.156348279024398185e+00
-2.042141593633949537e+00 -1.957681179302261931e+00
-1.144199721768858424e+00 -8.850221277284963106e-01
1.910912923890157322e-01 4.912511926793167172e-01
-1.368654143301941684e+00 -4.891925173677236227e-01
5.375126771995510921e-01 1.148340317714643621e+00
6.613632904094080001e-01 -6.157746779066847198e-01
-1.677805974608806316e+00 -3.583512071620574835e-01
-4.208403966306265009e-01 4.299174480379558405e-01
1.217148223661237205e+00 -2.365962021630269863e-01
-2.477862254847350343e+00 -1.706129307906494752e+00
2.185687782348832098e+00 1.158733081154334599e+00
-3.584143334927811231e-01 -3.665446379149802647e-01
-7.008496239849952847e-01 1.270250215795979853e+00
-3.186149919158608457e-01 -5.473504176017186529e-01
2.426274583974001864e+00 -3.416245776927422373e-01
-9.385726519757993103e-01 9.581160813117441943e-01
2.480053694107753781e+00 -7.316803478890029910e-02
-2.222154752714103232e+00 -2.242732132697734304e+00
1.015507224351080096e+00 1.090571640211454696e+00
-3.583518816528795670e-01 4.288556048971577939e-01
-1.728027229044364121e+00 1.783874574335214958e-01
3.769368876484170627e+00 2.376000878535936833e-01
-7.482483076312917980e-02 -9.364379336734928172e-01
-5.920288787807654884e-01 2.915482183607601696e-01
2.060442397441422102e+00 -4.411629013578410863e-01
-3.140350735412539285e-01 -2.837770507125976227e-01
-1.493535281761684264e+00 -7.615754360673977486e-01
3.876725575752512643e-01 1.388285752085145763e-01
-2.484998846180583421e+00 -3.515924229951459257e-01
-2.512398368419050509e+00 -6.249375664444225542e-01
-1.435469347850443500e-01 -5.230668180145814361e-01
-7.228751123530713363e-02 8.004606535692849745e-01
1.068623184650272506e+00 1.050728952156122720e+00
1.603248029448131273e+00 1.506924635000051582e+00
-2.455570420125625652e+00 7.349008166925377616e-02
-2.166858983431692476e+00 1.022082096312862287e+00
2.032406126031334748e-01 1.881976230442100162e+00
-1.537189433502230917e+00 8.046879284691049738e-01
2.341436277664030285e+00 -1.943895562638871810e-01
1.517199706344039556e-01 4.658838745820021998e-01
8.213026158752858574e-01 -5.738871910023114475e-01
8.355757706032862497e-02 -8.095892582142875105e-01
-4.876988667583900261e-01 1.863553928917239588e+00
4.883457343897734115e-01 -2.383153616999545144e-01
-3.126511999867631619e+00 7.546300365143059352e-01
-1.254180840481281534e-01 1.080105947803211119e+00
-2.448580130479754757e+00 6.292166171236707184e-01
-1.394497549744183162e+00 -8.184790867396463110e-01
-3.189685405530908735e-01 -1.756784595537385918e-01
1.140951417037318061e+00 7.477890626908390015e-01
1.436470823567098432e+00 3.119623532454343651e-02
1.382385556210478317e+00 3.272664685668043028e-01
1.567766232881551591e+00 -4.113690022388202250e-01
-2.846286793939667881e+00 9.227324051760998902e-01
6.426513489932035306e-01 1.436787135664140180e+00
4.505602342272798100e-01 -2.772786197263457098e-01
-3.392163189918813160e+00 7.007218741118538263e-01
9.516123394921069956e-01 6.198559696787752094e-01
-9.864285803052230683e-01 -6.209512367447885817e-01
1.425340280376212299e+00 -2.750297520072011448e-01
7.245657639837282948e-02 5.831300673427453063e-01
3.357243504649033983e-01 2.482354274515571613e-01
1.734919648504700818e-01 -3.117318148666193833e-01
5.999667310344567461e-01 1.460450132265677103e+00
-2.287383666788822545e-02 -1.358154859360601874e-01
1.911459519396112805e+00 5.152749312086793987e-01
-1.314109825377041796e+00 -9.275144568260152989e-01
1.359828806236202059e+00 8.352827474618731984e-02
1.226526997842559030e+00 -2.810276011121890516e-01
-2.971958430718836808e-01 -1.987332543775622629e+00
1.173001963330811970e+00 2.248843895815106630e-01
-7.916999635268855418e-01 2.805209881008350892e-01
-1.178955015057703420e-01 -1.510299866628969923e-01
4.030687626827465508e-01 -1.317942993684574071e-01
1.417624711342928778e+00 6.140198572686061951e-01
-1.979978387601881940e+00 3.338254443163729546e-01
5.544289384347258487e-01 4.459089678534923218e-01
2.156040700353296091e-01 -2.717438665011310261e-01
-3.686936331226738361e-01 4.763970449219008252e-01
6.984446410607632050e-01 -8.704450220669225358e-01
-1.721687644572477360e+00 -8.610504783557383357e-01
7.913265266473068493e-02 1.083424200618095856e+00
6.861986919810869612e-01 8.949458845024035325e-01
4.386110434800090663e-01 5.839183653720015910e-01
-1.397207090932256035e+00 6.786664474527203117e-01
9.064488891480975141e-01 4.611404061354066330e-01
-5.673077262213840344e-01 4.870721043588012167e-01
-7.739285389924763781e-01 1.582708467043934197e+00
1.139991306754853495e+00 9.195457811650087354e-01
-1.363654023774372170e+00 7.385839960155894390e-01
6.600178343427112182e-01 5.872253982512376513e-01
1.031635395822882328e+00 7.538353268727274736e-01
-6.244459574504834798e-02 1.291473460634163573e+00
-1.299099508541364356e+00 -6.805105870723362482e-01
-4.327236318919540636e-01 6.702693934380310470e-01
-9.721000673698360073e-02 -8.919140587639530215e-01
1.142914493737596571e+00 1.346429679156674331e+00
-5.575755960073532913e-01 -1.181740120719933229e-01
-1.359820470801803571e-01 1.226052074325000574e-01
-6.778034932145615699e-01 -3.915647814195354348e-01
-2.721718474611129479e-01 1.245402150442177946e+00
5.525389427463531788e-01 -1.085083824146560794e+00
-7.325604361828552680e-01 1.048945572080805633e+00
6.826264440570846137e-01 -4.891111606356551844e-01
-1.529390929823409406e+00 4.677234191194094004e-01
-2.586090989991345346e+00 -1.406344384221251298e+00
-8.452508962961753358e-01 -1.166408460641871203e+00
-2.229158241105992921e+00 -2.355976569982888569e-01
-6.911223043857883663e-01 1.246081096989329673e+00
-3.055953279049216098e-01 5.041873167850838833e-01
6.176817242457812718e-01 4.311941585849675684e-01
-7.941837984714175125e-01 9.902007131930581352e-01
-2.026044985604174564e-01 -2.689701561868059754e-01
5.553574908031226887e-01 1.065674729076064642e+00
1.540246661549006690e+00 -2.589835901495279868e-03
-3.230840026308047785e-01 4.506722483377343380e-01
-1.629911854605066712e-01 -1.237903040317607672e+00
-5.709216369565784932e-01 9.674953300608261086e-01
1.139765819259103141e+00 1.923624275550825102e-01
1.809591985936109149e+00 7.549041716419596648e-01
-4.068448290121806643e-02 -6.011798523385035731e-01
6.172921622228202398e-01 7.588745134810318538e-01
-1.814591788766817260e+00 -5.898524400842257709e-01
1.669429653441689476e+00 2.446891598365029008e+00
2.935406449895137992e+00 5.255024607344205290e-01
-1.648033879316326056e+00 2.181424834236417587e-01
-2.137751311074610694e+00 7.031453776830439706e-01
7.381875408146705286e-01 6.043069627817999612e-01
1.277068680781109578e+00 4.454527437299832249e-01
5.864460268637226026e-01 -9.715668145295505154e-01
9.195348646492562672e-01 -2.238646273798536424e+00
-3.175995930839439763e-01 1.262421488883483045e+00
3.443679885138185015e-01 3.552371377137447661e-01
-1.686680524675023607e+00 -3.208581915678254681e-01
1.973647321705332969e+00 6.953334067404132179e-01
-1.328738153017036350e+00 -6.558418043837427325e-01
-1.172553693048020929e+00 -2.859679035624558274e-01
-1.371809528616938278e+00 -7.554791934143473275e-01
5.597384773750706533e-01 -3.806620431887275391e-01
6.103972676785676121e-01 -1.625455283135632534e-01
-4.012511315082994301e+00 -1.307154817233138866e+00
3.746207067054554973e-02 7.317707965736310882e-01
-8.367881338388087897e-01 5.643777406409550279e-01
-1.040025571618759415e+00 5.257436835474691428e-01
1.509561507192050289e+00 1.212434378691392478e+00
7.296721366734362224e-01 1.313693678466422821e+00
-1.089655810901959843e+00 -3.417986615074883883e-01
-7.655162065061171806e-01 7.134231974344816818e-01
1.500401018312625512e+00 2.145799051075263808e+00
-3.134318381303200063e+00 -1.263656578323671731e+00
1.598523208836661880e+00 1.567636694503934836e+00
2.333612556622558287e+00 2.227534452268470577e+00
-3.054192382311100129e+00 -9.189949934990210290e-01
9.338581980408613425e-01 -9.307303323728080557e-02
3.407976911688562205e-01 1.455713557632784816e-01
-1.363078521083073591e+00 -1.023236435733678062e+00
1.609357012456569258e+00 -3.334007527815283090e-02
2.599010209015023332e+00 2.299563576304710921e-01
5.451766754177971297e-01 -5.578313922454236629e-01
2.052592002744719757e-01 1.561428409879239143e-01
1.804246511996961400e-01 6.470212265189314582e-01
-7.031143932202390534e-01 -5.858744292110199536e-01
-4.322079106443769692e-01 -2.514151807673877581e+00
1.654813681990132013e+00 3.926278075291274039e-01
-4.471217047206617612e-01 -1.436581315951991122e+00
-1.255686884171528961e+00 5.782043668574921025e-01
4.346002935266607414e-02 1.611409317247222361e+00
5.962749158424500706e-01 1.082299696244778620e+00
-2.619962422707433625e+00 -2.436285743947954607e+00
-1.254831147963136218e+00 -5.802040339923879575e-01
-6.775829434555447062e-01 -5.999824108812455981e-01
1.956867459989882763e+00 -3.560132720524866734e-01
-2.381584582629300062e+00 -9.592087727039203537e-01
-1.761555261164304831e+00 -1.318706357270047924e+00
2.671843980907299687e-01 6.984960149858489009e-01
1.298003420011271336e+00 5.098415990611483428e-01
8.477898289024412559e-01 -1.833097483256442561e-01
-9.991407501680713565e-01 7.149480275308784938e-01
-1.195926014597498144e+00 -1.649199646568335342e-01
-2.463224238006417322e-01 1.539521712426077826e+00
-2.745903361114878205e+00 -8.007086410490703576e-01
-6.932425589340747152e-01 9.133351355390515458e-01
-2.713929173290472452e+00 2.250076034358403920e-01
6.691319916706437443e-01 1.793677139226953043e+00
-1.206861522634678385e+00 -9.995677339719765131e-01
-2.088820875712482095e-01 2.566649898048479095e+00
-4.103129802797860215e-01 1.613757480449201864e+00
4.683325223179531371e-01 4.139235907561883421e-02
-1.783749019978034811e+00 -4.259170964763274725e-01
-9.855873158794363764e-01 -5.877806236461845524e-01
-8.235942581006241436e-01 -4.890622994903907061e-01
9.194142152440947235e-01 1.956414786219988489e-01
-4.225378436486362799e-02 1.726102331877204521e-01
-2.277732899817519474e-01 2.487876277851580054e-01
-1.270892399201298817e+00 -9.006305471935555085e-01
2.107325283277241557e+00 1.720655317115038940e+00
-2.925049297663883108e-01 -1.152563125859208615e+00
-2.980881219212735411e-01 3.510166387652814413e-01
-1.584540625976041950e+00 -2.181986755697638836e-01
-2.862157529152935087e+00 -1.215118929527342129e+00
2.841728600639727431e-01 -3.303500067067113299e-01
8.659385828900381110e-01 8.462633622404202027e-01
-1.110177752750487690e+00 -3.092157372152137818e-02
-4.564553554375397892e-01 -1.965782948331232238e-03
-2.618599122131906043e+00 -5.792940815388974984e-01
7.350854030803501971e-01 8.439126151089381134e-01
3.807523976318511139e+00 2.622412107619589872e+00
-1.339913001712248475e+00 2.018096892489446292e-01
-1.382573468345090095e+00 -8.793056001924416387e-01
-1.509153725145113922e+00 2.309547076344638794e-01
-1.967308138999612988e+00 -5.159729006966464748e-01
-1.451733182864620719e-01 -3.288981574260874119e-01
-9.752205393832880098e-01 6.687653568715055119e-01
1.913898461213809243e+00 1.340993306006258434e+00
1.511009758055408936e+00 6.512676482996984650e-02
8.127317598694888678e-02 9.196555420676616466e-01
-2.199458579308072093e+00 -7.484136255728177090e-02
2.469928146646529932e+00 -1.663224209418844024e-01
1.741818801515687132e-01 3.259651825897537103e-01
1.311832369640169582e-01 -2.016190081425850156e-01
-2.773844630024969948e+00 -2.128879181679662835e+00
1.988996527440728856e+00 1.094964257252554418e+00
-8.735353433316528360e-01 3.077900435827158887e-01
-3.639096733246869886e-01 -9.199830612074041403e-01
3.843231733251445958e-01 6.163105593010929084e-01
3.398751989529602002e-01 5.740558450812169866e-01
5.342367490626536153e-01 5.247685826727662706e-01
1.338113969852864793e+00 1.604651424925922942e+00
-8.992844331028442273e-01 6.357992796502518473e-01
-9.688686279268465817e-01 2.066750010261242110e-01
-1.327507502289385410e+00 -1.207859286158066814e+00
-2.902474544187600980e+00 -3.489216464947059171e-01
-2.741528408252198012e+00 -1.083161422750554381e+00
-2.175465718448782670e+00 4.100729254019199743e-01
-2.845962459466547134e+00 -1.609565490236389396e+00
-8.855770309787174277e-01 1.529262795918206741e-01
1.023654117263826269e+00 1.105849705623267898e+00
2.083406125125070396e+00 1.529245177172576353e+00
-6.808224977992095583e-01 7.158122147621769349e-01
-1.291118007431826697e+00 8.882194765450768248e-04
1.355842037314913595e+00 1.880588842428548402e+00
-1.374970524343987366e+00 6.219760951059067899e-01
-3.562589393790017045e+00 -2.620914551323008101e+00
7.669326396565872006e-01 6.133370669383706453e-01
-7.583351036643302123e-01 -8.077395869857449950e-01
1.262232111583353023e+00 7.604316925111018755e-01
-1.044807945349889078e+00 -2.022936025779135338e+00
-2.126263903532130239e+00 -8.220902426396332618e-01
1.948441613054116450e+00 1.446757101450822480e+00
-1.019358901836768527e-01 8.218236437871730971e-01
5.467651802094746216e-01 -8.425892368024635593e-01
-9.908766858697366509e-01 1.391416737274109527e+00
1.957645911514626080e-01 -6.408406079422077073e-02
6.382219084175198009e-01 9.037455144518694028e-02
-2.854476836830338593e-02 1.384054397554375093e+00
1.129088458384402971e-02 -5.255813992849800442e-03
-2.872686860714410262e+00 -2.604265505964978855e-01
4.122732087672625889e-02 2.793700321398309150e-01
4.329441677992213466e-01 1.218814133180453618e+00
-9.594837975055350299e-01 -4.919751857846116350e-01
-4.323385411885912744e-01 -4.202097253626905227e-01
2.904026665021655629e-01 -1.451022578600690505e+00
1.033085715796254522e+00 4.579385104174459320e-01
9.756107864143239716e-01 6.171286849249111306e-01
1.536472180790107833e+00 2.342135999127513468e+00
-1.815483022972162797e+00 -1.017178832149181755e-01
-1.589758276597248887e+00 -7.636888433169756185e-01
-1.985990293546189278e+00 -3.366580644899206387e-01
-1.243228998724915657e-01 6.300868028868987780e-01
-1.229029771356494161e+00 -7.415847344475977598e-01
-2.220018559368451161e+00 5.803019446473418608e-01
1.301090367493330735e+00 1.581792466941309261e+00
8.737146683598084884e-01 1.339910730309153697e-01
-1.563021112511034705e+00 -6.325532620076271817e-01
-2.559671344478240407e+00 -1.468157537736013873e+00
1.627719648591521739e+00 5.607941037938564133e-01
-2.272238857088910269e+00 -9.800178202633803570e-01
1.350475557868434207e+00 -3.993904717234716961e-02
3.420092978504957748e-01 1.496316743743503486e-01
-2.002291061542585404e-01 1.988445175428883438e+00
-4.303292214865196419e-01 -1.097155808466079074e+00
-1.411523947604721219e+00 1.616553019993131279e+00
-1.832223487465299838e+00 1.425212337905164439e+00
3.039648106373045722e-01 7.823414492859197544e-01
1.540121630653418228e+00 1.004176147616729242e+00
2.249431781449869661e+00 -6.236680293117711216e-01
-5.750666964956502314e-02 2.843689623031472546e+00
-1.451335017414325579e+00 -7.634865240414602239e-01
2.061209382214183594e-01 1.577409969679510082e+00
1.471470841588190970e+00 6.413214737533045051e-01
-8.401785679449864652e-01 -5.021402668669968650e-01
-1.359061702689789097e+00 1.715582141549361284e+00
-1.030493081704742853e+00 -9.996594222528544238e-01
-4.662982661166207854e-01 -2.824729204234016633e-02
-4.503248158316198180e-01 -8.565786457993909697e-02
-1.125124729016291347e-01 1.031738584800016456e+00
-4.894711075224861263e-02 -7.649819129383775840e-01
1.322246210353178686e+00 6.057399643313209348e-01
-1.241958156469060492e+00 -1.059162598913067077e+00
5.728018706923825309e-01 1.025795398879882248e+00
1.210860531855275091e-01 -5.121484165510096220e-01
5.368432914550318458e-01 5.338847418659952160e-01
-1.306803660972819303e+00 -1.177974751013728838e+00
6.214007532296688119e-01 -2.825235767067400428e+00
-4.331809573654080148e-01 -2.710146571726076425e-01
4.780415714103820046e-01 -2.265385398837091113e+00
9.404472977825946156e-01 3.459032482300631872e-01
8.457945552944878820e-02 1.446102915062856376e+00
1.714159443008999029e+00 1.200686784805180096e+00
-1.355213050348657688e+00 -2.011373717916905779e+00
-2.017524355749769516e+00 -2.043985859915993519e-01
3.759564388921464162e-01 1.779783431393288540e+00
3.523567946717677812e-01 1.277905766097833795e-02
-1.764186493895228525e+00 -9.482577489047648855e-01
2.577005015278584388e+00 -2.981788804522884639e-01
-5.666237359889294556e-01 -2.910403475607835633e-01
-3.057381737600868732e+00 -1.380439945790719936e+00
1.915394748917126355e+00 -8.851184059552225092e-01
-1.105026902092860253e+00 -3.925836291013381496e-01
-1.470049032091305330e+00 8.603047025986966245e-01
1.071174634918047541e+00 1.245365713075869518e+00
1.547727343991038174e+00 -6.887147319975387427e-01
-1.686430002110264947e+00 -1.919283072094135623e+00
1.253270896829556946e+00 1.692845954161865396e-01
5.085841095862182470e-01 1.695877766281133070e+00
-1.726596074960161653e+00 2.809222827817365875e-01
-9.183972062768475109e-01 -1.360450826097194810e+00
-1.087566118926097891e+00 8.314049160059391874e-02
1.541288957400078541e+00 1.856064040854616959e+00
-4.948816596801471901e-01 3.577149215630326395e-01
-1.274393663449348568e-01 -4.341063578802368816e-01
-3.135468535191983541e+00 8.120201230742217779e-01
2.087194255012876365e+00 -2.963373597964752415e-01
1.897803039641820844e+00 1.341517494059493831e+00
1.024548112418559365e+00 3.272239612412148890e-01
4.638975582623224292e-01 5.864299793037087705e-01
-1.822919255039852970e+00 6.520469450960003632e-01
1.427676685582311533e+00 1.231654445964569522e+00
-1.534973493848502679e+00 1.836177439189964067e-01
-1.165516733139618788e+00 -1.725703761999842489e-01
-1.623660359773975825e+00 -1.763774613767160160e+00
-1.660084622217472106e+00 -8.938160989070481621e-01
6.922115036218987605e-01 -1.395591286465834857e+00
2.349791553140897271e+00 1.348019776809125325e+00
1.055406563977013823e+00 -1.248229503640833293e+00
1.767508429730594077e+00 2.827169926600900940e-01
-8.538863076565583743e-01 -6.527189946569369461e-01
-2.276282917559974361e+00 -2.210385919858944559e-01
2.238163966078819733e+00 1.514613207953103391e+00
1.629384696644830877e+00 -1.825634630046562845e-01
1.841893534076647354e+00 9.314446225893624476e-01
1.664718380265086894e+00 2.823612262145531737e-01
-2.175240089894097117e+00 -7.604586119073764028e-01
-9.915737806598456938e-01 -4.331720558182684533e-01
-2.267973344403886871e-01 2.053652326733450995e+00
5.331150643744719808e-01 2.895456048947400163e-01
1.152762327965238143e+00 4.570739427740508898e-01
8.454651120255782804e-01 1.067549926877160438e+00
-2.922163541332320480e-01 8.390554639520023672e-01
4.379500142704272903e-01 3.270751171169392069e-02
1.186796715255552526e+00 1.337470730553317111e+00
8.455188036976284405e-01 2.507157586290922335e-01
-8.630866645904462509e-01 1.932741447176412830e+00
-4.014126876236731589e-01 8.646365907587225674e-01
-3.957124929184684392e-01 3.147219941098223783e-01
-1.039600488564955016e+00 -1.048697596458900039e+00
-1.627226623160762942e-01 4.034959751020065211e-01
-8.219420728763957573e-01 1.714974041697956197e+00
-2.149322902805128166e+00 -1.620528042674575175e+00
-4.945236776529476352e-01 -3.756454630021348606e+00
9.905132488884536013e-01 6.096249484076779468e-02
5.891881200703068533e-01 -4.143419722566523689e-01
-4.900628744604881848e-01 1.064268703966548602e+00
2.258159752924169816e-01 -8.130478174526295509e-01
-1.556548732273408175e+00 3.114158576478023299e-01
-7.065318280358856562e-01 -3.370203331918780743e-01
3.207559113284097485e+00 3.548140129339881765e-01
-1.567609151085558317e+00 -1.258559817234641720e+00
4.626222180803455930e-01 1.014603222987184417e+00
1.616385945163110183e-01 4.303972651275183026e-01
-1.611034432495140223e+00 -1.441177286214379849e-01
2.041291288120858471e+00 6.755556234374671121e-01
-6.659967821384725761e-01 7.419803857275659720e-01
8.142640415575159718e-01 9.949489715363153408e-01
-1.811952900158548374e+00 -1.480895359838995118e+00
2.988141701858819665e+00 1.786001916797255173e+00
2.730431188489816363e-01 -5.743603434681737729e-01
6.181670344017344831e-01 7.836274597043807466e-01
-3.516534701835685173e-01 -1.250849077759368821e+00
-1.862318613674371681e+00 -6.114439942043007337e-01
-1.109367784937574042e+00 -2.915501698645783790e-01
3.279470643376969918e-01 2.100315678349715942e-01
-8.993813589800918606e-01 6.820101771583836348e-01
4.206904791507314889e-01 8.647261159713417467e-01
-5.557472449953329008e-01 -6.254259608340941856e-01
-6.250087830951027712e-01 6.656335391423368053e-02
1.520178250274393461e+00 1.008871766842153628e+00
1.044311689959401601e+00 1.423313126368924264e+00
-8.045534553398629996e-01 -7.522455925889033335e-01
-2.278807449127928209e+00 -9.068313174707817170e-01
1.471071304182504536e+00 9.207750901383773279e-01
2.591402737908010678e-01 4.962887809246449011e-01
-3.021159520650240626e-02 -7.689422251215572990e-01
8.377266317196430112e-01 -3.897513019114280386e-01
-5.686164093727137381e-01 3.021454235212741590e-01
3.346502973380047208e-01 2.315690019971562652e+00
4.619222153866318625e-01 -2.091975206532670495e-01
-1.610863369692298708e+00 -9.776670430516857246e-01
-8.720156355492386657e-02 7.094424532196078603e-01
-1.457043259172716487e+00 4.847068665984541891e-01
6.331734363754193406e-02 1.054610339578230249e+00
2.013117196558323663e+00 1.111872621149371521e-01
2.484017941372722138e+00 1.238844052631205228e+00
-9.413118214374525117e-01 -5.678167654468887493e-01
-2.198943260344432993e+00 -1.379123257342846631e-01
4.563582494726867722e+00 1.366415139631416142e+00
-1.842766021253768871e+00 3.951710840784417034e-01
-9.378247904722454287e-01 4.133225634017302363e-01
-8.713696903326544341e-01 -5.551647686729118680e-01
1.566747195243651358e+00 2.062013004635722790e+00
-1.608565519516187203e+00 -3.312395757623467496e+00
-2.914726547035562110e-01 -5.909806826644503630e-01
4.130380177086024340e-01 -1.689306655212678532e+00
8.161556599722612493e-01 2.127221794904244623e-01
-5.270898615684689315e-01 1.083319459399653573e+00
-1.191773785778729611e+00 -5.814608028220035196e-01
-2.711995867564080509e+00 -4.924255354898143811e-01
2.803257485204812549e-01 -6.454495645380272650e-01
-2.167617645214615862e+00 -8.456461495046962984e-01
-5.179823553235307632e-01 8.184332840385298846e-01
-8.988876042222548879e-01 5.710218090205363417e-01
2.033173013806047535e+00 -4.774885911143254003e-01
1.011570276848676952e+00 4.672736007737549047e-01
2.435908175224301697e+00 3.546563652499223895e-04
5.343637661766040825e-01 -1.179607895533351769e+00
6.017282892138026140e-02 4.660907134044415256e-01
-9.375058064588503992e-01 1.811299885324516801e+00
-9.563618137705745537e-02 -1.798004725138258875e-01
7.677245313269407401e-01 3.467823546449277372e-01
-1.267892855747833503e+00 -1.095951975795929290e+00
-4.912859332632463216e-01 -5.563919054252709495e-01
-4.051286052908029678e-01 -8.752207490961841363e-02
1.234472192184952855e+00 1.558065599436556092e-02
8.853661292011163475e-01 1.880941712897068185e-01
2.754845603616392080e-01 1.752587606221586825e+00
-9.243587113977025371e-01 3.101075828816942659e-01
1.841908532661642672e+00 -1.271356464895620486e-02
1.954153109422966939e-01 -5.524205986669072921e-01
-1.829984753607968750e+00 -9.973650982838103696e-01
-1.725707802499429233e+00 2.898157539886840883e-01
-8.348622864698534984e-02 1.375901741986406801e+00
3.600891940158835181e-01 -1.623872025877239611e-01
-2.783970350972044816e+00 -2.979428274237112539e-01
1.847576996646452363e+00 7.778814021249125243e-01
2.150035860113943542e-01 1.600071724672625706e+00
-1.245689677409060891e+00 -1.078326579994617118e+00
-8.263184291799607895e-01 -7.994100461230791987e-01
-2.064224866465977914e+00 -5.173403852865021690e-01
-1.808895207536055816e+00 -8.144687634608468452e-01
2.187581930347072490e+00 5.469452953487831115e-01
2.485610280848201015e+00 1.062058587549484123e+00
2.751570418161924381e-01 1.042671876903034978e+00
-1.424112026572399436e-02 -8.991904640328252096e-01
-9.274500485137586736e-01 7.510720121506282432e-01
2.436922717248574122e-01 -7.900459746147265871e-01
2.335681948005322361e+00 1.902291989619213863e+00
-2.034724020481844420e+00 -1.815112249766173580e+00
8.174335776492260841e-01 3.997553523062540304e-01
6.180346237725076186e-02 4.980156369969922225e-02
-4.331682491777280042e-01 8.731446608844162238e-01
1.391885742167467410e-01 1.828921412043011729e+00
-2.721475747525847311e+00 -2.334570834937268025e+00
-8.981375475827020338e-01 -3.224837696889298888e-01
-1.439057702101704805e+00 -4.085820863723955698e-01
-1.147446684477069878e+00 -1.235932220242177859e+00
3.155465226833038539e+00 -1.775582959718711995e-01
-1.468221651093508884e+00 -1.446911224249438632e-01
-1.147241467650089941e+00 5.173632592824253251e-01
1.582829324507588398e+00 1.792167626664123548e+00
1.068645642801154816e-01 -4.847480587521670881e-01
-1.514346439454389848e-01 1.743247011040176986e+00
-2.824498023096163379e+00 -1.472299205909563868e+00
1.497315527375499555e-01 -1.715223299908955334e-01
-6.740925202312961773e-01 -1.500410535516914612e+00
2.178837347195973440e+00 9.901004554442131012e-01
1.149319039954225241e+00 2.189953512074767905e-01
-2.511596280998249053e+00 -2.937330285889636072e-02
-1.501062595044889925e+00 -5.990418041173625752e-02
-1.006047790492823113e+00 6.644055471871559981e-02
1.505360346272977212e+00 4.582314974874738267e-01
-3.696404644831532416e+00 -9.716565266861251771e-02
-1.140040829783786069e+00 1.037390590173643767e+00
-1.183516290509171731e-01 4.441217595531469220e-01
-8.883379581355625998e-01 5.138794040243277461e-01
3.198080561631235330e+00 1.505747804068470863e+00
3.116469127054927402e+00 -5.369859124769713055e-02
2.249922522974497241e+00 1.701289665851863475e+00
2.527583304689738242e+00 1.045203828921111189e+00
-6.368976377793793553e-01 -7.305247086732714612e-01
-6.006586011568957328e-01 7.904233050343588418e-02
-8.400423405430739177e-01 1.336908352412986112e+00
-1.263499573134838405e+00 1.612652674784387674e+00
-4.605312006517349732e-01 4.436842620250868174e-01
2.030680281030988521e+00 2.836819128812913426e+00
-1.893754369587071551e+00 1.043543020708819491e-01
-2.444838505769815651e+00 7.735540476273400357e-01
3.118717678690166584e-02 2.112001058910986662e-02
1.113203915043048164e+00 -1.271380785679530889e-01
-3.560407487881866451e-01 1.910332827156153490e+00
-1.810434191082748445e-01 -6.854316240470884058e-02
-3.032016699115598790e+00 1.862710997368059174e-01
2.269406413338398654e+00 6.353957869811822645e-01
-2.982374770875499959e+00 -1.374345030842627713e+00
-3.115453656918570235e+00 4.198775216373135111e-01
-2.095786716229520952e+00 -8.845745991694352606e-01
-3.737011714882977564e+00 1.258332334285016396e-01
-3.234124342007542174e-01 -1.577408147280623174e+00
-2.673743398986920372e+00 -8.156726502599099815e-01
2.387537165809118789e-01 9.909391358772776659e-01
-1.933024640500196512e+00 -9.126688365031728756e-01
-1.387000223541593247e+00 8.872877967259679144e-01
1.776249598974096289e+00 1.273043033994038398e+00
-1.065315266257120363e+00 -5.528010974743183814e-01
-1.119317416152181277e+00 -5.317345823098698632e-02
-4.220781081787116640e-01 6.497458458078173571e-01
1.899983962413113736e-01 1.698141452417505359e-01
4.414760877209634060e+00 5.952290699907916705e-02
-7.173320600840138450e-01 -6.740527785694684360e-01
-1.727118568853599934e+00 -1.506648134038129083e-01
-3.502053596013835479e-01 1.738616356860968937e+00
-1.620984217800077509e+00 -3.060475379936761220e-01
1.254125286008768381e+00 2.236265754312815324e-01
3.638963593721156187e-02 -2.636280982120056682e-02
4.458515377182164507e-01 2.740866464381246370e-01
-1.365076435567780910e+00 -5.934450429799670301e-01
-6.040269234829367395e-01 5.308742677954050304e-01
-2.250190680855450043e-01 2.905351347848701693e-02
4.195827340559649121e-02 -1.353756312523437089e+00
-5.923892232227481180e-01 -3.047453143088973970e-01
-1.433414122832399107e+00 -5.340641834581230096e-01
-1.090229544318972010e+00 -6.367607604707522517e-01
2.947130241636083170e+00 -5.110398044531180850e-02
1.985647554728674935e+00 2.254764992103478249e+00
-4.890862227069197044e-01 3.166715809500006418e-01
2.067575383338668971e-01 1.605895064993653421e+00
-3.707294541312918801e-01 3.584671948539891462e-01
-1.488164397273959549e+00 9.986419945921419794e-01
3.175234327216617802e-01 1.674668380845970361e+00
1.717155943133117924e-01 2.602930396756585329e-01
7.620300937300235056e-01 -5.119203772317587608e-01
2.139753808898305909e-01 4.307154270617344904e-01
2.198123377122511268e+00 1.058269465498560935e+00
-2.609065684306983712e+00 -5.602481391713378667e-01
-1.276317473134447766e+00 -2.225021155594198163e-01
-6.612952031823629007e-01 8.776337558575488806e-01
2.418204641437943003e+00 3.081228743901867073e-01
1.047444699693289349e+00 4.248524219817071401e-01
-6.384848522931344528e-01 9.327327454631925141e-01
-1.232770499425425159e+00 -2.438389504780305306e-01
6.899830709201315582e-01 -5.969328770949985374e-01
-6.237562438570054546e-01 7.860449873080663785e-01
6.729548912076066536e-01 -6.364373801929104069e-01
-2.186917521369047546e-01 -3.133173806618930191e-02
-1.649254167154141859e+00 1.328815015008170564e+00
3.285755926820811190e+00 4.195660724009978026e-02
-4.254151606217437265e-01 6.575186607772081082e-01
-1.243008587651551755e+00 -1.316541875194121802e+00
-2.209133766320269920e+00 -1.276915378352810215e+00
-2.599104073675226889e+00 -1.086561372976815099e+00
1.951244724833517408e+00 1.113106255366620723e-01
-3.450006954850377561e+00 -9.429663153284256749e-01
-1.113157613112664979e-01 8.137318576877830001e-01
8.205492713294781915e-02 1.737624817576201020e-01
1.021018105280848243e+00 1.168058401374412192e+00
1.746867649767740449e+00 4.681990916405661673e-01
-1.695179664156059252e+00 -8.000075581796316504e-01
4.166569884030688065e-02 4.359674218040560101e-02
-9.096605324368307599e-01 -5.855802985525740412e-02
-3.085804400427119010e+00 2.464166356308324091e-01
-8.602465987677838655e-01 -1.430106592972020474e+00
-9.015588044578841664e-01 3.090378295938185360e-01
-1.701920940679542693e-01 1.131851158516081979e+00
-1.244011786747672543e+00 -3.138092671526930832e-01
-6.672815591523832968e-01 -3.638864213640800038e-01
-2.975241228635790436e-01 -1.124553496248883011e+00
4.864988612804418966e-01 -4.345753643369975050e-01
-4.467491880398097859e-01 -4.128558019071922880e-01
3.721612754362638165e-01 1.006556761252448640e+00
1.599038830498437536e+00 7.258162114860042813e-01
7.383034007259268172e-01 -1.145015846646263658e+00
1.154085008174674076e+00 1.068801374909475577e+00
8.283514010042353215e-02 3.637260394032866273e-01
1.924058842638365130e+00 5.860608573961585410e-01
-7.524727849643051414e-01 1.963158026982716908e+00
5.044943315067211831e-01 9.285472125497498119e-01
-5.282312928464913959e-01 1.023968746503494787e+00
-1.824997106061373997e-01 -1.057631083692304186e+00
-2.624500734940125590e-01 -1.353629043810957722e+00
9.164365434795000986e-01 6.665636431984678367e-01
9.171690723139613866e-02 -8.092843362957408138e-01
7.141395287255705160e-01 1.003747601116006916e+00
-8.510355268261871053e-01 -9.685451773856276203e-01
6.621003513733592083e-02 1.020964724676562296e+00
1.197070718702174963e+00 1.085896216207116849e+00
1.327827447668822325e+00 9.432231070414159868e-03
-2.109650053460561114e+00 -6.896957127271003962e-01
1.851721765272644982e+00 -8.480982735705530629e-02
-2.100092758599316323e+00 -1.120768292754941609e+00
1.604707550195928034e+00 -2.203328562595467666e-01
2.384471881309527586e+00 1.769838628599187669e-01
-5.247275243780782361e-01 5.972320539559337060e-01
-2.786904276459251761e+00 -6.898055834133635100e-01
-2.991081414836212482e-01 9.909328295252343155e-01
-1.500497876031864131e+00 1.507391609605129579e-01
-2.551731725709080134e+00 -4.130692138265538160e-01
5.603369950195455917e-01 2.043915737942783917e+00
-6.469879328340137903e-01 -3.691345973765494115e-01
-1.400828085189785632e+00 8.149224982296567887e-01
1.295304792668520388e+00 1.292317069943836660e+00
1.692076179654679935e+00 3.402526274626518910e-02
-6.076805022158190961e-02 7.574427021904585056e-01
-8.703008044208662142e-01 -4.066120506981296678e-01
4.358311601361301579e-01 -3.086406658332868647e-01
1.264769845892299793e+00 6.119220402052482077e-01
1.619815566141370677e+00 2.435992949438229582e-01
1.666232097125410538e+00 2.929146594378218449e+00
-6.986388295516876568e-01 -1.141300481547849466e-01
-2.611518673632299503e+00 -8.077814539652274917e-01
-1.981942905494967766e-01 -7.453876915960931937e-01
-3.847273280613658919e+00 -2.644902813590687130e-01
-1.676626486817428541e+00 -2.194005662026433434e+00
1.150396921332447642e+00 8.189436454886799277e-01
-5.741847580788166372e-01 -1.356714330365675680e+00
-4.341797149960876512e-01 6.767793685295034334e-02
-4.844345426255604603e-01 2.448571662334816934e-02
-1.068810829924632833e+00 -5.823608463022541537e-01
1.036141741241678682e+00 -2.273763665627770714e-01
-4.204385030014477498e-01 5.382771839443289963e-01
-7.987858794107298710e-01 -1.383490129309508543e+00
1.007329454222715137e+00 -1.341936014470040073e+00
4.394634420046311662e-02 1.122969469054398539e+00
-3.278551156334128525e-01 -9.058144457384124104e-01
3.040978003666987006e-01 -2.005265698819199027e+00
-2.532905944874072279e+00 5.474484994449934083e-01
-1.346680117082340589e+00 4.257990512380941395e-01
1.491767838180936945e+00 3.418584901052737490e-02
2.587475360634281518e+00 -1.169533563360224626e+00
-1.118250314361902475e+00 3.718278490590796181e-01
4.297550641518780856e-01 3.560698788248470859e-01
2.382301862819436455e-01 -1.565877943127818694e+00
5.231606554965056999e-02 8.402469977136016455e-02
3.220521527430297293e-01 -7.174814431146242510e-01
1.680603163945659340e+00 5.328195731784378664e-01
-2.749584919105516612e+00 2.591361715328269755e-01
-1.316256551512849371e-01 -1.601908399002297534e+00
-1.269154152774485622e+00 -9.779235718010058642e-01
8.486879683591854739e-01 1.906341456031509063e+00
-2.288238495914901804e+00 1.018721334287998603e+00
-1.834868733074205727e+00 -3.718621937286757939e-01
3.418670272825553025e-01 7.509092144762357091e-01
1.583429712653908195e-02 8.087418015054143039e-01
9.995826776755418752e-01 -6.344054861249043276e-01
1.469157155003313786e+00 1.119960951461671739e+00
1.476121764076955944e+00 1.773311099216499986e+00
-1.193986845765795612e+00 -1.455429575203321946e+00
4.123044796663191680e-01 2.085258301133368519e+00
2.445862165775774533e-01 8.620155743064539244e-01
1.192304303080799377e+00 2.227325011106323860e+00
-1.163110834931199822e+00 -6.170199093174993932e-01
-6.659676786163246653e-01 6.647527112633614399e-01
2.050099666715690105e-01 -4.163499039725675477e-01
1.758262014965324749e+00 3.194417296776242976e-01
-2.960257232829598406e-01 -5.714087303696344100e-02
3.441854995746370105e-01 -1.182505793771828351e-01
-1.128439610854962138e+00 -9.229703228896225520e-01
2.363922907230983639e-02 5.098769112515165736e-01
1.086010144923630572e+00 3.091868791929068827e-01
5.370269843396975329e-01 -2.351993113619982034e-01
1.095351092328491927e+00 2.156455455163033275e+00
-9.178633754695559865e-01 -6.735099248157289109e-01
-6.995581553676404329e-01 7.014107963417143266e-02
-1.017978018716675370e+00 -6.298463930419401224e-02
1.670863310366723864e+00 7.309500586286429291e-01
