-3.827489229595759657e+00
-8.094390383152185731e-01
2.896232498319739168e+00
3.243549464348647771e+00
1.096050573123082295e+00
-1.021115455628072377e+00
-2.572836161403381450e+00
-3.005192841768671297e+00
-9.092783999592070066e-01
2.604585380378372061e+00
3.822087092690447552e+00
4.954888491070458256e-01
-2.486027390329160980e+00
-1.328452975546601689e+00
1.393649544002352192e+00
6.641382062044663970e-01
-3.183572533109042091e+00
-3.466549166439723439e+00
2.276567951804091106e+00
6.770853663541811507e+00
3.170972783031056785e+00
-4.368787081059317678e+00
-6.321350460970957208e+00
-1.087454223352109617e+00
4.078422033703908767e+00
2.561693715963337503e+00
-1.212383182225070355e+00
-1.149884667813597661e+00
1.667656699407703336e+00
2.021698382330312072e+00
-1.343194389643185938e+00
-3.631880681467412497e+00
-2.031116712708717742e+00
1.380566326902589847e+00
3.119912728668981394e+00
2.291997813546957641e+00
5.409421954750506245e-01
-1.752741049633750547e+00
-3.416604643269746777e+00
-2.284184421101738138e+00
1.610845208236022286e+00
4.199820363208357499e+00
1.361053437713014569e+00
-3.193226510734898049e+00
-2.740418856853308771e+00
2.036257597138997344e+00
4.222984000307086205e+00
2.268202707033549481e-01
-5.100251858816802653e+00
-4.330806424922617914e+00
1.723533632159355955e+00
5.679008726440494925e+00
3.626136939894403444e+00
-1.505896985952765998e+00
-4.431529503734013886e+00
-3.193701958408372565e+00
4.954857893780122979e-01
3.386365183738207385e+00
2.596035096111996676e+00
-4.566154826855953752e-01
-2.614664372162008199e+00
-1.138132191865567799e+00
2.273328998788387789e+00
1.921854293897111932e+00
-2.174137556043004960e+00
-3.613134357337937974e+00
6.088323289413457573e-01
4.884467539200926467e+00
2.710098585439137509e+00
-3.525498291987439359e+00
-5.020941320518595319e+00
6.271890970902596063e-01
5.104177134043128561e+00
2.122476777726602037e+00
-3.554989042235640717e+00
-3.864205119721476400e+00
7.737186728891440879e-01
3.627735439340505685e+00
1.294535875805353786e+00
-1.280603924572379038e+00
-1.038183164718575080e+00
3.275547135908771224e-01
-8.009026134606513914e-01
-1.943721916877974687e+00
-1.200987349295629114e-01
3.500574665783135586e+00
3.212171434650536561e+00
-1.499678540561429241e+00
-4.914384541588386668e+00
-2.391488157036797624e+00
3.294763049826176182e+00
4.536284633638635988e+00
2.137756812186132616e-01
-4.378968134518466115e+00
-3.289611358139024055e+00
2.238468982500541937e+00
5.006162304623751780e+00
1.619997192626883908e+00
-3.915861083964721434e+00
-4.980980466121835093e+00
9.519014819992190901e-01
5.726835669471785906e+00
5.207761416019463852e+00
-5.822132027038264823e-01
-3.988161145468901658e+00
-1.077556855714375983e+00
4.171840652266380012e+00
5.376204660976093841e+00
9.480883787531575457e-01
-3.715578051121409597e+00
-2.221194872306794021e+00
3.155408006303025648e+00
5.726583200564562048e+00
2.438801690874830452e+00
-2.205292720625296798e+00
-2.443898706009360655e+00
1.008662619852452424e+00
3.134625710478047722e+00
1.907134945654403557e+00
8.800334995139676986e-01
1.814632793571473224e+00
2.479514650256364305e+00
-3.952408610732836003e-01
-2.603855248359820074e+00
-3.265775957792871331e-02
4.736054153875184802e+00
4.619784231314143952e+00
-1.019638808696911481e+00
-4.087939587296991029e+00
2.179302537952542140e-01
5.746464056722075497e+00
4.620330985391383649e+00
-1.882456933430649570e+00
-4.010198554287943473e+00
5.141229505673791111e-01
4.684853247682257305e+00
3.306470538619548094e+00
-1.013282724266653112e+00
-1.476959143046757461e+00
1.926740867321479644e+00
3.680647601274958713e+00
1.456690530076203638e+00
-1.685839402847780777e+00
-2.168596671753342697e+00
4.860309596860200032e-01
4.170705773782960257e+00
5.315741533805848462e+00
2.669402125880768306e+00
-2.420071632115473381e+00
-4.618488367758692981e+00
-1.536246948032877757e+00
4.282456475028132203e+00
4.993655964502919709e+00
-2.533254206560616728e-01
-4.329412231629471641e+00
-2.020723564858492693e+00
2.614559406149140841e+00
2.987374961901220871e+00
-1.040573190253865521e+00
-4.070636094312381381e+00
-6.254493661104754132e-01
3.221405315700915040e+00
4.191591002111233699e+00
2.505408998741764037e+00
1.647244944037014047e-01
-1.449976105468432142e+00
-2.185438067226506575e+00
-3.408905728850724626e-01
3.120760126982578875e+00
4.917337351001028090e+00
2.373990576707593725e+00
-1.143571013034636596e+00
-7.833257957375792113e-01
2.203083849727446530e+00
2.174021817077016028e+00
-1.683172063424427378e+00
-2.929907258297745454e+00
1.991043875283822207e+00
7.416067163680113872e+00
5.554943730589031681e+00
-2.279046272413471463e+00
-5.624505241262018451e+00
-1.356624175140567212e+00
4.538951522119429427e+00
4.121312851558906587e+00
3.001232322835607480e-01
-4.710520041514285605e-01
2.440718082581175619e+00
3.491083518888896453e+00
4.330646487519281274e-01
-2.504369423400726991e+00
-1.547244354060172356e+00
1.787241150826717639e+00
3.831055078660226876e+00
3.628253545335326624e+00
1.969411066470664107e+00
-4.410224658710379941e-01
-2.387825135902091667e+00
-1.791630003420378481e+00
1.805711859683623910e+00
4.877295233034033117e+00
2.880032638571726977e+00
-1.488907429978918895e+00
-2.066202498620436145e+00
2.237062290096207384e+00
5.391288380793600510e+00
2.208698140316536218e+00
-3.415425989040392629e+00
-4.044036665585323043e+00
1.699123095166240605e+00
5.421063801209299093e+00
4.360169925992634532e+00
-7.202957990549764267e-01
-4.177630313268546836e+00
-3.608968449246575894e+00
-1.378373605877932229e-01
2.948428900358373905e+00
3.142298227391623122e+00
1.803445816834580440e-01
-2.643017410556037117e+00
-5.062038298119778679e-01
2.862362384335439991e+00
3.416122507164491839e+00
-5.368957152513251785e-01
-2.901585752963437237e+00
4.420352910369655941e-01
5.498043571884113412e+00
4.458991677806876552e+00
-1.432700095388470318e+00
-4.132830561690201243e+00
5.394513125728381819e-01
5.639462611893071298e+00
3.935461607852863253e+00
-1.761544830383813487e+00
-3.307925594266304170e+00
8.391476998886894245e-01
4.776241109194439893e+00
2.949933699247107022e+00
3.721566043680878122e-02
-1.678870474470245400e-01
1.233241847576250549e+00
3.669018743631209389e-01
-9.547503075866413669e-01
5.038016067849236945e-01
3.915909630341662506e+00
4.574828415476269505e+00
4.436718291424831540e-01
-3.510731317694507414e+00
-1.959033891848093845e+00
3.320409887745918276e+00
5.889993358215305008e+00
2.178568057055617846e+00
-2.831526580160594442e+00
-2.745449957251664408e+00
2.423642349707805455e+00
6.081505126888728796e+00
3.390122949502998306e+00
-2.266808048581961721e+00
-4.573352459712403117e+00
1.123895220520892135e-01
5.485241140052421471e+00
5.816913544176871120e+00
4.590922284457182867e-01
-3.832063975606799566e+00
-2.063708143203106804e+00
3.301837638691321963e+00
5.751497367773285241e+00
1.888992844174301577e+00
-3.045126770361767488e+00
-2.985757631436621207e+00
1.276986219505357845e+00
4.762905385367450783e+00
2.435879677678292055e+00
-2.586703854910529454e+00
-3.643520433744837472e+00
-8.101767970786754036e-01
1.841859950185241734e+00
9.945815098461621151e-01
-2.021228655489328563e-01
6.467473171241368002e-01
1.567326283510736884e+00
-7.155478437845284034e-01
-3.562685679584796983e+00
-1.767098927760414107e+00
3.126599848852976482e+00
4.265604558036977245e+00
-9.651738808354853871e-01
-5.054863324986367701e+00
-1.887463625391581301e+00
4.199952912776126368e+00
4.229709543936885474e+00
-1.544852355345131212e+00
-4.967148045143670920e+00
-1.279637356363662049e+00
3.345589099231417674e+00
2.798876671011848671e+00
-1.444574623377212985e+00
-2.700469119323857026e+00
2.466389568711702396e-01
2.655489055040018087e+00
1.160865133155777329e+00
-2.236069686939558210e+00
-3.364331475438153696e+00
-1.126897342094379972e+00
2.583379788704727176e+00
4.620944820632524319e+00
2.389958255638024998e+00
-2.772008046373081847e+00
-5.723841987849702662e+00
-2.900766814582104391e+00
3.434281139518737369e+00
5.413805043737133893e+00
8.000519413215456677e-01
-3.854145218746388490e+00
-2.843400379779067233e+00
1.882814831068451378e+00
3.492477171859329044e+00
-4.072922365591384875e-01
-3.788962063961632598e+00
-2.246264921479312449e+00
2.824323963987160013e+00
4.659892069270540560e+00
2.878370703730584346e+00
5.922979167245393528e-01
-1.005831172438859777e+00
-2.014330428112725002e+00
-8.459969440111899663e-01
2.512959678527325824e+00
4.807974642976645008e+00
3.031551665040637555e+00
-6.654446004747979204e-01
-1.234295907084894672e+00
1.692136519204788359e+00
2.643044832179325621e+00
-1.015632389943179614e+00
-3.167606824802841281e+00
8.015335826125038476e-01
6.970736665269950727e+00
6.305990624867046535e+00
-1.034151345490459395e+00
-5.798077510089153286e+00
-2.411738536558755808e+00
3.816207705456726273e+00
4.877466903432615020e+00
9.844361627176976270e-01
-8.844840643175403416e-01
1.889465662522297418e+00
3.650201855237225068e+00
1.145140250643843505e+00
-2.504434452342718220e+00
-2.087463421524521578e+00
1.334457520198029323e+00
3.821060976026787515e+00
3.788784635909225429e+00
2.398945505308485160e+00
2.560611175459677757e-01
-1.896496888958848936e+00
-1.963298239485701036e+00
1.031987859218352233e+00
4.456129446360734825e+00
3.735648122816017658e+00
-5.488653633274567234e-01
-2.598368676091899143e+00
1.377935250885854224e+00
5.233906004853827731e+00
3.259188190572508859e+00
-2.604658797552633853e+00
-4.362573195856064068e+00
3.294597597209175666e-01
5.902054297180771236e+00
6.008772153169690711e+00
1.156930647276158242e+00
-2.827038122088458838e+00
-2.946206778387079339e+00
2.014699741854933390e-01
3.581979801286604648e+00
4.258379738279987947e+00
1.543703941004059388e+00
-1.412329569065809753e+00
-1.074979906754834902e+00
2.351131874020772283e+00
3.821424494401763017e+00
3.562373633131894479e-01
-2.816395759537391186e+00
-2.964631174714969508e-01
4.922125363549596067e+00
5.168473623099879788e+00
-5.697359988115551221e-01
-4.197681796732978476e+00
-5.381457619071479126e-01
5.374603543303859254e+00
4.898904391405928926e+00
-1.081368765851978164e+00
-3.601721552607130672e+00
-5.029374005425998884e-02
4.114531861293620807e+00
3.387027169834054163e+00
2.936920301544802547e-01
-6.170446957219806183e-01
1.035267803698540101e+00
8.559984673270637501e-01
-7.676559682115914329e-01
7.147243160243044180e-02
3.535128251664782617e+00
5.043806206479650278e+00
1.251109105173717317e+00
-3.333723344864745641e+00
-2.600572861583536621e+00
2.525304951706298873e+00
5.830410100929152684e+00
2.974293987353882063e+00
-2.299709106638769818e+00
-3.314248057752994026e+00
1.059932284628897214e+00
5.753269340801112186e+00
4.419574941171775073e+00
-1.153968559640525360e+00
-4.369936244908100065e+00
-1.284296499560564353e+00
4.781861575143248722e+00
5.252109688093035800e+00
4.737560977965958875e-01
-4.403035831965741664e+00
-4.003121851881608073e+00
1.539385906065854570e+00
4.591790967105496613e+00
1.983561337679417003e+00
-3.598344160848046425e+00
-4.426509269751566222e+00
3.491518383027011896e-01
5.613628908175487986e+00
4.174241965109317221e+00
-9.066395855124290692e-01
-3.017634853012421736e+00
-3.121949750997855544e-01
2.754583633926644737e+00
2.359603044734667865e+00
8.197551462415207935e-01
1.320960933699082407e+00
2.732976661159576715e+00
8.858586877272138782e-01
-2.269765792777922009e+00
-1.577994878871534334e+00
3.474550951961418388e+00
5.525360589739309880e+00
9.144184596210648275e-01
-3.834504204257230597e+00
-1.858403502740320068e+00
4.504804743114245724e+00
5.749080582900245595e+00
5.039146407625897384e-01
-3.984515924109775398e+00
-1.337811731267256388e+00
3.864123033643998006e+00
4.302217582384019856e+00
2.585050040338590094e-01
-1.811040753150546134e+00
6.411798591127877422e-01
3.837124635016054164e+00
2.666571505937603170e+00
-7.990115360360356966e-01
-2.507392300925605166e+00
-6.973147054663941802e-01
3.068617931253369679e+00
5.419567184019206785e+00
3.982719630790994003e+00
-9.510286820083353465e-01
-4.718851000697011244e+00
-2.645306807259657500e+00
3.436414637611771017e+00
6.559935068836387551e+00
3.038779823026573457e+00
-2.495563537088383743e+00
-2.535550573079490722e+00
2.263800468874026084e+00
4.714181898186313724e+00
1.308846536794564086e+00
-2.696791424700063722e+00
-1.745498643820924567e+00
2.292107280703065797e+00
4.415553257265542264e+00
3.293103110618220697e+00
1.108503518753388262e+00
-9.430803602869423097e-01
-2.038704729069332089e+00
-1.196599744521492203e+00
1.986690559402143341e+00
4.548215909685397129e+00
3.528942398726382379e+00
-1.865189269798406824e-01
-1.535826672211505040e+00
1.010610648008969381e+00
2.529715465400901309e+00
-1.968067466436208002e-01
-3.254301630739320217e+00
-3.427095640844193825e-02
6.194836333646448701e+00
7.061976911493995424e+00
5.657105700958680039e-01
-5.370723924975029817e+00
-3.452007967927899212e+00
2.849239210815869949e+00
4.849527719627045208e+00
1.584952124419386932e+00
-7.562809194449491290e-01
1.137034436803991522e+00
3.537751308864923949e+00
1.695680678501584548e+00
-1.988447032749290244e+00
-2.560802169131144446e+00
5.268378821641580556e-01
3.663091483895024592e+00
3.883531881747392500e+00
2.552906102579291403e+00
6.216367419912577352e-01
-1.617995007810495656e+00
-2.149650667398800064e+00
3.103211452255297820e-01
4.241024516215480489e+00
4.088590325502836187e+00
1.421574232999614495e-02
-2.690568295399204946e+00
3.819195096727011629e-01
4.832195564719895309e+00
3.976350050411328940e+00
-1.886311303086102287e+00
-4.535502539945696299e+00
-7.940928594446826638e-01
5.319995462825888310e+00
6.281915839572801197e+00
1.208742954502036726e+00
-3.456735584398813899e+00
-4.290268078533292062e+00
-1.572744714046196091e+00
2.025413091291317969e+00
3.274167275235290386e+00
1.469806288449930776e+00
-2.016008632224820740e+00
-2.442895180198462857e+00
6.386596550564237473e-01
3.776286756516260112e+00
1.176537495509883291e+00
-2.874488481169231058e+00
-1.296773266544433367e+00
3.978480305058830435e+00
5.560056071551471746e+00
4.821285854523564840e-01
-3.973296665585845489e+00
-1.484544514195357712e+00
4.702803951614972888e+00
5.252845379037556661e+00
8.865165859111384661e-02
-3.652959476132431327e+00
-7.130841226433749513e-01
3.783019656157943444e+00
3.868380393828713348e+00
7.597300737316596830e-01
-4.670914978657086380e-01
9.226462039225593603e-01
9.752047239233655462e-01
-4.544851924692385747e-01
-5.168715365053249133e-01
2.763609735862049277e+00
5.095277813655227028e+00
2.165138872799882375e+00
-2.763160602617806827e+00
-3.518632617600529588e+00
1.372975723115982927e+00
5.665919070720219608e+00
3.927668463052700787e+00
-1.491734192294034367e+00
-3.424850950683342443e+00
2.725912059947993016e-01
5.160168139456238201e+00
5.119824180475583297e+00
-4.142327386995180438e-01
-4.183690693192860799e+00
-2.032838388818134057e+00
4.078001847852538830e+00
6.535118460449976574e+00
2.564499305410731456e+00
-2.925425273279105731e+00
-3.582017450053196939e+00
1.555744989789748622e+00
5.628770753011918870e+00
3.658297466289388566e+00
-1.627643865177820892e+00
-3.771545969339186843e+00
3.120961742057716259e-01
4.986664032934580604e+00
4.754246270447431755e+00
9.503219963004530535e-02
-3.178021157056975632e+00
-9.394342443053370628e-01
2.367734682899181209e+00
2.612484986914069385e+00
9.659414862351456410e-01
1.161710335593903354e+00
2.422899495325642416e+00
1.455882624136193293e+00
-1.871926179848548255e+00
-1.884805452468486964e+00
2.551043831318198229e+00
5.631195502400382580e+00
2.342463642423643577e+00
-3.321625980651925047e+00
-2.659232970487182435e+00
3.419449564007257525e+00
6.038454696148793488e+00
1.666833940583521301e+00
-3.349341862003834436e+00
-2.340007525673010402e+00
3.109813207040151628e+00
4.760195148711616753e+00
9.282397596712153032e-01
-1.754959647856989546e+00
5.152832962335660016e-02
3.426497150194660612e+00
3.056129540542511513e+00
-1.567995155914115313e-01
-2.441462484919867837e+00
-1.160920580360823129e+00
2.249371774640265720e+00
5.128082144047811930e+00
4.597472874523884201e+00
1.363140148482938074e-01
-4.427491199700646085e+00
-3.468394817611662795e+00
2.380434032912346343e+00
6.460977896798320685e+00
3.860474354382069428e+00
-1.773078186610451912e+00
-2.911784098813963606e+00
1.479121242844628759e+00
4.504387418311918800e+00
2.124220412452878293e+00
-1.989800049501319723e+00
-2.219650743050049613e+00
1.567213333011570953e+00
4.237054869715196403e+00
2.697464418052779145e+00
4.636117242425951135e-01
-1.500961520579194186e+00
-3.039558295458819170e+00
-2.716064533734012798e+00
1.247010772589770555e-01
3.501249800012495417e+00
3.092930057969229374e+00
-5.815514985716057073e-01
-2.708559197872945745e+00
-3.271004466860940596e-01
1.774722707739062377e+00
-5.490437471715496898e-01
-3.885163644003125860e+00
-2.150118202251952493e+00
4.424888259654652600e+00
6.786857522595058256e+00
7.616956542887547421e-01
-5.959146836826090698e+00
-5.467113785022693406e+00
8.934864044101042957e-01
4.045978291118940362e+00
1.336347780547968433e+00
-1.580001827085326438e+00
-3.363967199263169783e-01
2.403493249727278958e+00
1.228683940006862985e+00
-2.458202284634847246e+00
-3.755956560506815034e+00
-1.059877425424894604e+00
2.059425914635514943e+00
3.071676726034994420e+00
1.769966825949701006e+00
-1.466366831389847025e-01
-2.180232414207075919e+00
-3.506347166684676608e+00
-1.288666342657616148e+00
2.753436501831338923e+00
3.557417299894687357e+00
8.790367203070048596e-02
-3.588867336970678501e+00
-1.469723679403198036e+00
3.307878819384420410e+00
3.531068945864741515e+00
-1.719660280522703699e+00
-5.553298019781523820e+00
-2.689223534922935865e+00
3.282072085955480834e+00
5.947606876230951300e+00
2.174506642813529567e+00
-1.911062946258570427e+00
-3.355127031276175842e+00
-1.421268161920281159e+00
2.486520754681845080e+00
4.375717083585063172e+00
2.846464199477544366e+00
-7.284707243025005940e-01
-1.718418827873030796e+00
9.160160632710513395e-01
3.869745173030683105e+00
1.914454821831700571e+00
-2.233835886785808356e+00
-1.989517638260438481e+00
3.282792832049004517e+00
5.870896853390538794e+00
1.845382426958798394e+00
-3.917044215567785148e+00
-2.673174284004948387e+00
3.494650037144182431e+00
5.984918928904400914e+00
1.298652466231865921e+00
-3.438183420288075887e+00
-1.618292715760517808e+00
3.152245673916886481e+00
4.219536149407034920e+00
1.378144215499555569e+00
-7.887004174969529657e-01
5.463898503281910957e-01
1.218232904080859269e+00
-3.806925912916529486e-01
-7.114953756701115628e-01
2.263416451851896660e+00
4.912793890205628955e+00
2.993843004772021477e+00
-1.991466229037218261e+00
-3.585317158848611463e+00
5.873969527777761490e-01
5.378225357791552419e+00
4.777493455940625466e+00
-5.549805257403067626e-01
-3.792831381126424262e+00
-7.118037532939693879e-01
4.703570349403548789e+00
5.635594517713846230e+00
6.942021022387674378e-01
-3.921386104855627774e+00
-2.893045137675986034e+00
2.874551475372319587e+00
6.465511566016863831e+00
3.470149683871972535e+00
-3.270124670587010396e+00
-4.799501480630121719e+00
-6.280166340491575294e-01
4.242300383299491884e+00
3.207812188938776288e+00
-1.869379023784533578e+00
-4.756577579137439393e+00
-1.620603563326119767e+00
3.637160897393551195e+00
4.375213641745905768e+00
8.230525650733198084e-01
-2.936702055091069408e+00
-1.612202425388398863e+00
1.909231268509353763e+00
2.796257027488139091e+00
1.323046115691446589e+00
9.623297514135131792e-01
2.404928049680356672e+00
1.948892791498290089e+00
-1.320488953948755873e+00
-2.318473611907927001e+00
1.588976167415107055e+00
5.583527307702996545e+00
3.133430208186151589e+00
-2.610534932039838996e+00
-3.463735698226104276e+00
2.222857087047072522e+00
6.255132412870060499e+00
2.837651189799460738e+00
-3.003591216000826236e+00
-2.938023394342756944e+00
2.296033491068812715e+00
4.973750405749703951e+00
1.899097038653840830e+00
-1.845339257297486046e+00
-4.577739819284140088e-01
2.967601868686478017e+00
3.444167021433100384e+00
4.433157073964318906e-01
-2.271024644118910363e+00
-1.482247318290986549e+00
1.691398851083801169e+00
4.886601352942117948e+00
4.946307457479252712e+00
8.319507103528335223e-01
-4.010586812579539640e+00
-4.211309572962515624e+00
1.383326617370751466e+00
6.116149410295870226e+00
4.930731407734382898e+00
-9.277846724032419168e-01
-3.137870077400464197e+00
4.570538780524211475e-01
4.450880645922463685e+00
3.137974999546059074e+00
-1.494222727958893326e+00
-2.599095968620761976e+00
7.283404321114240743e-01
4.076659945518446904e+00
4.041885942890300676e+00
9.204822111336786739e-01
-1.245147420762427348e+00
-2.687989120978413915e+00
-3.012712323760566857e+00
-5.099866355818236663e-01
3.156264443941417142e+00
3.424224323660445268e+00
1.579390292680078745e-01
-2.434575355324938073e+00
-9.714478167993184643e-01
2.588404368098477626e+00
1.085565321662546490e+00
-2.648353401714715893e+00
-1.885258292238451983e+00
4.039073144521222680e+00
7.922651140097544342e+00
3.290945142714365890e+00
-4.136133375539836621e+00
-5.054639228630353642e+00
8.285285335807335283e-01
5.246506176025670598e+00
3.388098686445624619e+00
-4.847575305788666133e-01
1.198290411466744754e-01
3.191334356423080720e+00
2.906838335413388652e+00
-9.880962029981599226e-01
-2.955660024126882668e+00
-6.863303170749829318e-01
2.594796824248812417e+00
4.099324675077002489e+00
3.094132069961990528e+00
1.370181374563769872e+00
-9.343614449025112734e-01
-2.346163482525632116e+00
-9.104521386273111139e-01
3.188469818312452020e+00
4.852673222431699962e+00
1.550394397220461906e+00
-2.253487465657689537e+00
-1.090849896984654066e+00
3.378650074643952284e+00
5.090270218947599901e+00
3.554058805261744447e-01
-4.463797804261742108e+00
-2.668526988497544661e+00
3.445449870589916586e+00
6.673684067095246419e+00
3.794767285456078110e+00
-1.156773803829399094e+00
-3.598393040707412727e+00
-1.794722946850080936e+00
1.884153836738199805e+00
4.252745964410325819e+00
3.360414327065636364e+00
6.940022682860638725e-02
-1.509603725833153387e+00
6.847367245336979380e-01
3.826386894976031350e+00
2.519065340199758030e+00
-2.834868979945926792e+00
-3.423250820161319208e+00
1.226008108649315309e+00
5.201851838677972850e+00
1.843537970803695858e+00
-4.034695601575744917e+00
-4.488633763456497228e+00
1.423424042337136930e+00
5.004322502665925043e+00
1.322613026929635449e+00
-3.997717099188809353e+00
-3.366390357757210072e+00
1.587976610636889552e+00
3.498974642804026480e+00
9.701695595892424473e-01
-1.327043537512777149e+00
-6.512503412656753810e-01
2.984079048626905317e-01
-1.092949448488959474e+00
-1.775323739970824377e+00
5.186542741999101702e-01
3.627678271310378566e+00
2.855408756254676828e+00
-2.306381523221185059e+00
-4.842624884772268601e+00
-1.555287773777918492e+00
3.665223906068392434e+00
4.071194082184118379e+00
-5.371109844121437771e-01
-4.572994778180471620e+00
-2.681097939610264547e+00
2.897198375638494916e+00
5.053348415014617956e+00
8.549424312103559576e-01
-4.672655266319538647e+00
-4.597070574406962429e+00
8.224398423828096494e-01
5.290323004269657403e+00
3.534594955913040515e+00
-2.202398358735769168e+00
-5.052895144566048380e+00
-1.591549879160034653e+00
3.660869850959459715e+00
3.883051082241868013e+00
-8.323280052753159186e-01
-4.562210247592565437e+00
-2.610293512273000438e+00
2.970322031614543778e+00
4.833415936061069118e+00
7.316171235851033350e-01
-3.368126527732838493e+00
-3.247846315409462115e+00
3.554576448004143074e-01
1.846767327830058703e+00
5.107961325160276234e-01
-2.434875674906924192e-01
1.157298180024876277e+00
1.107920883998917860e+00
-1.774277366980470338e+00
-3.495154550564411711e+00
-2.489825358636492958e-01
4.290355861483617694e+00
3.154478868978765060e+00
-2.738651576639441476e+00
-4.766619880506098639e+00
6.124202807766173512e-02
5.133963740168587364e+00
2.854561842685108708e+00
-3.211224740323608717e+00
-4.437624405646775294e+00
3.116945121286686105e-01
3.889422019376789663e+00
1.709646968137893186e+00
-2.315889654074679616e+00
-1.984315545695516825e+00
1.391045063510343516e+00
2.674734893292643356e+00
4.681373969664609502e-02
-3.052208436833077521e+00
-3.065696416305575767e+00
1.001430720020623777e-01
3.592508578241571993e+00
4.258833200134255037e+00
8.366534936760730012e-01
-4.070380342712820010e+00
-5.383855436591989729e+00
-7.218145522495768018e-01
4.693792376923549448e+00
4.691461117035071737e+00
-1.004972237657379974e+00
-4.382072954144886623e+00
-1.468871518971371248e+00
2.893977213800651427e+00
2.755585478949301947e+00
-1.806493247667107838e+00
-3.769473253437582994e+00
-1.083599134618105753e+00
2.560081492009811388e+00
3.241859428289653788e+00
1.396610661909517104e+00
-9.119778202119054322e-01
-2.552700748301564904e+00
-3.046546432927649040e+00
-9.738427262310166421e-01
2.513034126457642792e+00
3.738553745839346298e+00
9.771113478224133786e-01
-2.438315586645279698e+00
-1.422324957944182344e+00
1.600424497444786098e+00
6.431061065234087160e-01
-3.096474803051605829e+00
-3.562477691017048809e+00
1.930065315786988922e+00
6.657530842147382444e+00
3.562115425098324017e+00
-4.105001162176797891e+00
-6.295299315587383759e+00
-1.507186374223096870e+00
3.812114303026922446e+00
2.873240508645420022e+00
-1.226483526089412024e+00
-1.273073630790034549e+00
1.659669961714899333e+00
2.311100940044630736e+00
-1.117366982001934517e+00
-3.897061775571083686e+00
-2.412416246267374831e+00
1.244208195587541699e+00
3.203750987217139468e+00
2.335050616581725969e+00
8.154075433847848275e-01
-1.549034255167531793e+00
-3.387452384303662800e+00
-2.350778191784717475e+00
1.374629702738386028e+00
3.886619162968304675e+00
1.496631196819645071e+00
-2.813611269944559901e+00
-2.983088678725033471e+00
